X_ActualPosition,X_ActualVelocity,X_ActualAcceleration,X_SetPosition,X_SetVelocity,X_SetAcceleration,X_CurrentFeedback,X_DCBusVoltage,X_OutputCurrent,X_OutputVoltage,X_OutputPower,Y_ActualPosition,Y_ActualVelocity,Y_ActualAcceleration,Y_SetPosition,Y_SetVelocity,Y_SetAcceleration,Y_CurrentFeedback,Y_DCBusVoltage,Y_OutputCurrent,Y_OutputVoltage,Y_OutputPower,Z_ActualPosition,Z_ActualVelocity,Z_ActualAcceleration,Z_SetPosition,Z_SetVelocity,Z_SetAcceleration,Z_CurrentFeedback,Z_DCBusVoltage,Z_OutputCurrent,Z_OutputVoltage,S_ActualPosition,S_ActualVelocity,S_ActualAcceleration,S_SetPosition,S_SetVelocity,S_SetAcceleration,S_CurrentFeedback,S_DCBusVoltage,S_OutputCurrent,S_OutputVoltage,S_OutputPower,S_SystemInertia,M_CURRENT_PROGRAM_NUMBER,M_sequence_number,M_CURRENT_FEEDRATE,Machining_Process
202.12670112187,4.100019081497217,4.0,202,4.0,4.0,0.18,0.0207,329,2.77,-1.42e-06,162.9836212939836,4.488709278305214,-2.25,162.0,4.0,4.0,0.539,0.0167,328,1.84,6.43e-07,123.18486177616563,3.192539482914226,4.0,123.0,4.0,4.0,0,0,0,0,-357.0,4.001,4.25,-357.0,4.0,4.0,0.524,2.74e-19,329,0.0,6.96e-07,16,1,0,50,Starting
201.56757542736415,-7.057380298404193,-346.0,202,-9.6,-354.0,-10.9,0.186,328,23.3,0.00448,162.10012685505635,-15.628281098989364,-746.0,161.0,-20.6,-643.0,-14.5,0.281,325,37.8,0.0126,123.23499473917006,-16.24605958340968,-708.0,122.0,-21.6,-670.0,0,0,0,0,-357.0,4.0,4.25,-357.0,4.0,4.0,-0.288,2.74e-19,328,0.0,-5.27e-07,16,1,4,50,Prep
200.31203701641536,-13.982046884265017,-2.25,200,-13.9,3.9999046,-8.59,0.14,328,30.6,0.00533,158.27475098633903,-27.464643278681216,4.0,158.0,-28.3,3.9999046,-7.79,0.139,327,49.4,0.00943,119.43142772596727,-29.905978881726103,41.5,119.0,-29.7,3.9999046,0,0,0,0,-357.0,4.0,3.562,-357.0,4.0,4.0,0.524,2.74e-19,328,0.0,9.1e-07,16,1,7,50,Prep
198.39108606860552,-14.269616640629396,4.0,198,-13.9,3.9999046,-6.11,0.13,327,30.3,0.00489,155.07908177701307,-28.977448583965916,-58.5,155.0,-28.3,3.9999046,-8.13,0.156,325,47.6,0.0105,116.09401749988048,-29.892512360879742,-2.25,116.0,-29.7,4.0,0,0,0,0,-357.0,3.999,3.75,-357.0,4.0,4.0,-0.18,2.74e-19,328,0.0,1.07e-06,16,1,7,50,Prep
196.1887611045317,-14.249140544160724,-14.8,196,-13.9,4.0000954,-5.7,0.114,328,30.5,0.00425,152.29717285300066,-28.21819398975304,142.0,152.0,-28.3,4.0000954,-13.8,0.202,326,47.1,0.0135,113.23169993961454,-28.735906696109826,22.8,112.0,-29.7,4.0,0,0,0,0,-357.0,4.0,3.812,-357.0,4.0,4.0,0.226,2.74e-19,328,0.0,1.96e-06,16,1,7,50,Prep
194.45855478620183,-13.287342506955355,85.2,195,-13.9,4.000191,-5.85,0.128,328,30.9,0.00474,148.8973054039954,-28.26744063480374,-8.5,148.0,-28.3,4.0,-9.78,0.166,326,49.6,0.0113,108.87727678627722,-30.367470268614102,-2.25,109.0,-29.7,4.0000954,0,0,0,0,-357.0,4.0,4.0,-357.0,4.0,4.0,0.821,2.74e-19,328,0.0,0.0,16,1,7,50,Prep
193.0531559389932,-13.697690576560916,-2.25,193,-13.9,4.0000954,-5.84,0.0955,328,29.3,0.00345,145.97161723366128,-28.174266076967296,85.2,145.0,-28.3,3.9999046,-8.56,0.179,326,50.0,0.0124,106.0296846543542,-29.332517003583582,66.5,106.0,-29.7,4.0000954,0,0,0,0,-357.0,4.00075,3.9375,-357.0,4.0,4.0,0.523,2.74e-19,328,0.0,3.79e-06,16,1,2,50,Prep
190.868506579069,-13.513062372288598,54.0,191,-13.9,3.999809,-7.31,0.117,327,29.1,0.00441,141.6949794195182,-27.682735132850482,54.0,142.0,-28.3,3.9999046,-8.0,0.185,325,50.8,0.0128,102.6509123022692,-30.135168080174257,22.8,102.3,-29.7,4.0,0,0,0,0,-357.0,4.0,4.0,-357.0,4.0,4.0,-0.288,2.74e-19,328,0.0,0.0,16,1,7,50,Prep
188.9930140919366,-13.888450089201662,29.0,189,-13.9,4.0,-7.98,0.113,328,29.4,0.00417,139.7565754173448,-28.5115563113403,41.5,139.0,-28.3,4.0,-9.96,0.154,327,49.7,0.0102,99.2018387019169,-29.202690492178522,22.8,98.8,-29.7,4.0000954,0,0,0,0,-357.0,3.99925,3.812,-357.0,4.0,4.0,-0.0997,2.74e-19,328,0.0,-8.36e-08,16,1,7,50,Prep
187.64530500648314,-13.6717791936195,16.5,187,-13.9,3.9999046,-7.44,0.138,328,29.8,0.00501,135.5694246273013,-28.413571999864914,-27.3,136.0,-28.3,4.0,-6.29,0.119,325,48.1,0.00784,96.16576073002119,-29.56945435933591,-33.5,95.6,-29.7,4.0000954,0,0,0,0,-357.0,3.999,4.0,-357.0,4.0,4.0,0.118,2.74e-19,328,0.0,0.0,16,1,7,50,Prep
186.3656529856322,-14.617454820265285,-52.3,186,-13.9,3.9999046,-4.52,0.114,327,31.3,0.0043,132.95973885009613,-27.732053111099255,117.0,132.0,-28.3,4.0,-8.62,0.186,325,48.6,0.0126,92.76283498649939,-29.534059759525192,-21.0,92.2,-29.7,4.0,0,0,0,0,-357.0,4.0,4.25,-357.0,4.0,4.0,-0.288,2.74e-19,328,0.0,-6.99e-07,16,1,7,50,Prep
184.32340527442608,-13.44643077091921,66.5,184,-13.9,4.0000954,-5.53,0.13,328,31.6,0.00485,128.28369921277357,-28.076962383669862,16.5,129.0,-28.3,4.0000954,-10.9,0.181,326,50.6,0.0124,89.02093464065072,-30.113332136634558,4.0,88.7,-29.7,4.0000954,0,0,0,0,-357.0,4.001,4.0625,-357.0,4.0,4.0,0.118,2.74e-19,328,0.0,-1.02e-06,16,1,7,50,Prep
182.02745551206255,-13.847963401381348,-33.5,182,-13.9,4.0000954,-7.55,0.122,327,30.4,0.00457,126.3040533910399,-28.704177950465425,-2.25,126.0,-28.3,3.9999046,-10.5,0.174,325,50.4,0.012,85.3169174610469,-29.93489847076959,10.25,85.5,-29.7,3.9999046,0,0,0,0,-357.0,3.99825,3.313,-357.0,4.0,4.0,2.34,2.74e-19,328,0.0,0.0,16,1,7,50,Prep
180.46870600642424,-13.615759474521067,110.0,180,-13.9,4.0000954,-8.41,0.133,327,28.5,0.005,123.9656539385413,-27.854411219428343,54.0,123.0,-28.3,3.9999046,-8.39,0.177,325,49.4,0.012,82.43203911113386,-29.29438390870532,-8.5,82.1,-29.7,4.0,0,0,0,0,-357.0,4.004,5.19,-357.0,4.0,4.0,-0.288,2.74e-19,328,0.0,7.61e-06,16,1,7,50,Prep
179.1943900164565,-13.688351745381828,47.8,178,-13.9,3.9999046,-8.81,0.131,328,30.3,0.00478,119.94830948862521,-27.810889738336773,135.0,119.0,-28.3,3.9999046,-11.3,0.165,327,51.2,0.011,78.88673491597915,-28.825382952427194,54.0,78.6,-29.7,4.0000954,0,0,0,0,-357.0,4.00075,4.375,-357.0,4.0,4.0,-0.18,2.74e-19,328,0.0,0.0,16,1,7,50,Prep
176.64270687042062,-14.289990075586962,-21.0,177,-13.9,4.000191,-5.78,0.127,327,29.9,0.00475,115.86843814583455,-28.11021739375674,41.5,116.0,-28.3,3.999809,-10.8,0.155,325,49.3,0.0104,75.69146225859895,-29.289894340421124,-2.25,75.3,-29.7,4.0000954,0,0,0,0,-357.0,4.0,3.812,-357.0,4.0,4.0,0.821,2.74e-19,328,0.0,2.91e-06,16,1,7,50,Prep
175.15332628571838,-14.240113873780183,22.8,175,-13.9,4.0000954,-7.39,0.127,327,30.2,0.00468,112.25519692232184,-28.13531914954733,47.8,113.0,-28.3,3.9999046,-12.8,0.172,325,43.2,0.0114,73.34468442820463,-29.892567361379054,35.3,72.0,-29.7,4.0000954,0,0,0,0,-357.0,3.999,3.75,-357.0,4.0,4.0,0.415,2.74e-19,328,0.0,-1.06e-06,16,1,7,50,Prep
172.6012973694662,-14.10919665990731,10.25,173,-13.9,3.9999046,-6.08,0.125,328,31.0,0.00472,109.84678335274506,-28.22843149544004,16.5,110.0,-28.3,4.0,-12.6,0.196,326,47.3,0.0134,68.45201858601449,-29.651734868214017,-46.0,68.5,-29.7,4.0000954,0,0,0,0,-357.0,4.0,4.25,-357.0,4.0,4.0,-0.694,2.74e-19,328,0.0,0.0,16,1,2,50,Prep
171.36525894371388,-13.634031153838029,10.25,171,-13.9,3.9999046,-6.89,0.131,327,31.8,0.00491,105.93567197875454,-28.324921730569432,41.5,107.0,-28.3,3.9999046,-11.4,0.185,325,50.2,0.0126,65.69993369713661,-28.63812759922919,-21.0,65.2,-29.7,4.0000954,0,0,0,0,-357.0,3.99675,2.44,-357.0,4.0,4.0,0.00893,2.74e-19,328,0.0,0.0,16,1,7,50,Prep
169.97924084551664,-13.597255846617285,54.0,170,-13.9,4.0000954,-6.42,0.11,328,29.8,0.0041,102.99000180637714,-28.19717643000036,4.0,103.3,-28.3,3.999809,-11.0,0.161,326,46.6,0.0109,62.60586579730827,-29.655196206619358,10.25,61.9,-29.7,3.9999046,0,0,0,0,-357.0,4.00025,4.812,-357.0,4.0,4.0,0.00893,2.74e-19,328,0.0,-2.82e-07,16,1,7,50,Prep
167.92313437477281,-14.301892115747767,-39.8,168,-13.9,4.000191,-7.26,0.112,328,29.8,0.00416,100.35154169612818,-28.09014508656934,91.5,99.9,-28.3,4.0,-12.2,0.203,326,49.4,0.0138,58.64639922925994,-28.960532918790946,47.8,58.4,-29.7,4.000191,0,0,0,0,-357.0,4.0,4.25,-357.0,4.0,4.0,-0.288,2.74e-19,328,0.0,0.0,16,1,7,50,Prep
165.71687003150612,-14.288240305947156,22.8,166,-13.9,3.9999046,-4.17,0.0986,328,28.4,0.00361,97.9813835799447,-28.368578116962095,123.0,96.8,-28.3,3.9999046,-12.3,0.176,325,48.6,0.0117,56.506858092064455,-30.023849381869525,10.25,55.1,-29.7,4.0000954,0,0,0,0,-357.0,3.99875,2.94,-357.0,4.0,4.0,0.118,2.74e-19,328,0.0,0.0,16,1,7,50,Prep
164.50833172616152,-14.312481714187061,-89.7,164,-13.9,3.999809,-5.34,0.107,328,30.5,0.00394,95.77715508072987,-28.631903924587412,-14.8,93.6,-28.3,3.9999046,-10.5,0.181,326,50.0,0.0123,51.821016437000125,-29.71841010560527,10.25,51.8,-29.7,4.0,0,0,0,0,-357.0,4.003,4.75,-357.0,4.0,4.0,-0.0997,2.74e-19,328,0.0,8.51e-07,16,1,7,50,Prep
161.93574676301083,-14.104973790935718,-33.5,162,-13.9,4.0,-5.22,0.111,328,30.1,0.00409,90.1080354138175,-28.538037166565687,60.3,90.2,-28.3,4.0000954,-10.2,0.19,326,47.6,0.013,48.65344077985921,-29.428977643883798,-8.5,48.3,-29.7,3.9999046,0,0,0,0,-357.0,3.997,2.81,-357.0,4.0,4.0,0.117,2.74e-19,328,0.0,-2.29e-07,16,1,7,50,Prep
160.82190162875037,-14.30016124891984,-8.5,161,-13.9,3.9999046,-6.7,0.132,328,30.7,0.00494,88.35908819754462,-28.129689919385456,22.8,87.1,-28.3,3.9999046,-14.6,0.202,326,43.8,0.0139,44.921803602184106,-29.626192863652765,10.25,45.0,-29.7,4.0000954,0,0,0,0,-357.0,4.001,4.5,-357.0,4.0,4.0,0.524,2.74e-19,328,0.0,0.0,16,1,7,50,Prep
158.853583146928,-14.117789114677217,22.8,159,-13.9,3.9999046,-7.03,0.139,328,30.3,0.00518,84.26287891142005,-28.508532156390444,-64.7,83.9,-28.3,3.9999046,-9.87,0.174,326,48.9,0.0119,41.73356981415777,-29.935248757888488,16.5,41.7,-29.7,4.0,0,0,0,0,-357.0,3.99925,3.625,-357.0,4.0,4.0,0.306,2.74e-19,328,0.0,-5.2e-07,16,1,7,50,Prep
157.2213337402868,-14.041449607582546,-21.0,157,-13.9,4.0000954,-8.66,0.134,328,30.7,0.00498,80.69893414821337,-27.93183862328044,123.0,80.5,-28.3,3.9999046,-9.71,0.208,326,50.2,0.0144,38.517858326393046,-30.154114992868525,-58.5,38.2,-29.7,3.9999046,0,0,0,0,-357.0,3.99925,3.812,-357.0,4.0,4.0,0.00893,2.74e-19,328,0.0,9.84e-07,16,1,7,50,Prep
155.1519513542627,-13.174659210914824,192.0,155,-10.3,362.0,-1.97,0.0687,328,23.5,0.00212,77.98906583131958,-26.7414808611829,423.0,77.5,-21.9,651.0,-3.21,0.0867,326,40.6,0.00515,35.60068458429104,-28.367685265741823,254.0,35.0,-23.0,678.0,0,0,0,0,-357.0,3.99825,3.562,-357.0,4.0,4.0,0.821,2.74e-19,328,0.0,0.0,16,1,2,50,Prep
155.17161389497332,3.7531494311649825,35.3,155,4.0,4.0,1.17,0.033,329,1.81,1.33e-05,77.04137348446314,3.8514381686954455,10.25,77.0,4.0,4.0,1.18,0.0235,328,0.991,0.0,34.65107617535418,4.57123151120139,4.0,34.5,4.0,4.0,0,0,0,0,-357.0,4.003,5.19,-357.0,4.0,4.0,0.415,0.0447,329,1.19,0.0,16,1,7,50,Prep
155.1791350338821,3.8909777182099776,-33.5,155,4.0,4.0,0.45,0.0276,329,4.82,-1.44e-05,77.07376801082604,4.438915924168223,-8.5,77.0,4.0,4.0,0.7,0.017,328,3.32,-1.54e-06,35.096130790870426,4.636471473633877,-8.5,34.5,4.0,4.0,0,0,0,0,-357.0,4.00225,5.38,-357.0,4.0,4.0,-0.0997,0.034,329,1.29,0.0,16,1,9,50,Prep
155.89049538640626,4.385995601162514,47.8,155,4.0,4.0,0.651,0.0402,328,2.0,1.1e-05,76.72714591068643,3.9402632251173357,29.0,77.0,4.0,4.0,-1.54,0.0205,327,4.47,2.77e-06,34.45503845758091,4.839110629530677,29.0,34.5,4.0,4.0,0,0,0,0,-357.0,9.73,105.0,-357.0,10.6,104.0,60.1,2.61,322,26.5,0.0576,16,1,9,50,Prep
154.831012956142,3.6925459874608126,41.5,155,4.0,4.0,0.878,0.0377,327,1.56,7.5e-06,76.06576302707292,3.887810162582667,10.25,77.0,4.0,4.0,-0.1,0.0184,325,1.82,1.77e-06,34.042734053609315,-1.8211121275848532,-21.0,34.1,-2.0,4.0,0,0,0,0,-356.0,19.8,102.3,-356.0,20.6,104.0,56.7,2.56,318,44.9,0.15,16,1,12,6,Layer 1 Up
154.78700987652078,3.864347643532474,-33.5,155,4.0,4.0,0.664,0.0332,325,4.3,3.56e-06,75.9685274495953,4.077686592657259,-27.3,77.0,4.0,4.0,1.98,0.0194,324,0.51,-3.39e-06,34.78020790268337,-1.9361308730047335,-8.5,33.5,1.33,782.0,0,0,0,0,-354.0,30.3,92.5,-354.0,31.0,104.0,54.7,2.41,317,72.8,0.231,16,1,14,6,Layer 1 Up
154.66163394024608,-1.6989334574539925,10.25,154,-2.0,4.0,-8.1,0.0983,323,10.2,0.00126,77.43650762160141,3.4687013155027278,29.0,77.0,4.0,4.0,-0.0991,0.0258,322,1.1,1.7e-06,33.68665271232164,4.590976936243878,4.0,33.5,4.0,4.0,0,0,0,0,-351.0,39.9,102.9,-350.0,40.6,104.0,62.0,2.61,309,88.4,0.341,16,1,14,6,Layer 1 Up
154.2561237589703,-2.272884401727427,-39.8,154,-2.0,4.0,-6.42,0.101,322,11.5,0.00126,76.81510502215718,3.7997772486755528,22.8,77.0,4.0,4.0,0.22,0.034,322,1.29,-3.55e-06,33.1593598246836,4.311924741626542,4.0,33.5,4.0,4.0,0,0,0,0,-347.0,49.9,129.0,-346.0,50.6,104.0,59.0,2.65,306,109.0,0.441,16,1,14,6,Layer 1 Up
153.46942579051748,-2.0985402444324763,66.5,153,-2.0,4.0,-6.67,0.098,325,14.2,0.00118,76.60168482829141,4.210532621347859,-46.0,77.0,4.0,4.0,1.18,0.0209,324,2.25,-1.26e-06,33.17129924178061,3.570235164353485,4.0,33.5,4.0,4.0,0,0,0,0,-341.0,57.7,-47.0,-341.0,57.3,3.999999046,9.37,0.389,324,112.0,0.0746,16,1,14,6,Layer 1 Up
152.9526207368135,-1.5881728613796118,-8.5,153,-2.0,4.0,-5.99,0.113,325,13.6,0.00144,77.00568358204737,3.500065085141165,35.3,77.0,4.0,4.0,-5.37,0.0413,325,8.21,0.0,33.053686049144645,3.5478468276381725,4.0,33.5,4.0,4.0,0,0,0,0,-336.0,57.2,-50.8,-336.0,57.3,4.0,27.3,1.2,320,117.0,0.231,16,1,14,6,Layer 1 Up
151.65066359830143,-1.9899600834033493,16.5,152,-2.0,4.0,-5.65,0.0976,326,13.9,0.00121,77.53118515878994,4.403738525201321,29.0,77.0,4.0,4.0,6.29,0.0396,325,6.91,1.69e-07,33.94342089294468,4.215189750647955,4.0,33.5,4.0,4.0,0,0,0,0,-331.0,57.3,14.3,-331.0,57.3,4.0,22.8,0.917,319,116.0,0.176,16,1,2,6,Layer 1 Up
151.6571813595975,-1.4955068910054332,66.5,151,-2.0,4.0,-5.9,0.0915,326,14.6,0.00111,77.12052177951651,4.453310274010059,-8.5,77.0,4.0,4.0,1.98,0.0201,325,0.263,-3.05e-07,33.32748474144162,3.9224530429403095,4.0,33.5,4.0,4.0,0,0,0,0,-325.0,57.3,-17.8,-325.0,57.3,4.0,20.6,0.872,322,120.0,0.168,16,1,14,6,Layer 1 Up
151.27051596899116,-2.0739728923704046,-71.0,151,-2.0,4.0,-3.92,0.0813,326,12.7,0.00104,76.56161466034824,3.9080586938315425,16.5,77.0,4.0,4.0,1.66,0.0375,325,0.731,-6.28e-07,33.56030005394697,3.9884384911627575,4.0,33.5,4.0,4.0,0,0,0,0,-320.0,57.3,25.8,-320.0,57.3,3.999999046,21.9,0.979,320,117.0,0.189,16,1,14,6,Layer 1 Up
150.30904449925134,-2.0007254218317283,-21.0,150,-2.0,4.0,-6.86,0.123,326,14.6,0.00154,77.819426581297,4.092365606030964,4.0,77.0,4.0,4.0,6.13,0.0553,325,7.42,-2.01e-06,33.46993167355621,4.469168566347952,4.0,33.5,4.0,4.0,0,0,0,0,-315.0,57.3,-9.3,-315.0,57.3,4.0,27.0,0.906,319,119.0,0.172,16,1,14,6,Layer 1 Up
150.22584311715713,-1.8890701921904305,-14.8,150,-1.97,4.731,-4.75,0.0939,326,14.3,0.00122,78.05523445436185,4.854217389819287,-14.8,77.0,4.595,11.52,3.38,0.0394,325,5.11,2.04e-05,33.84632674524642,4.332032905301456,4.0,33.5,4.0,4.0,0,0,0,0,-309.0,57.3,-8.4,-309.0,57.3,4.0,25.0,0.884,322,122.0,0.167,16,1,14,6,Layer 1 Up
148.7232815876392,-1.7258541173561692,10.25,149,-1.86,5.63,-5.25,0.0894,326,13.5,0.00107,77.43046986648832,5.2522502403763776,47.8,77.1,5.31,11.38,3.09,0.0682,325,6.47,0.000196,33.099107082231214,4.581739222213904,4.0,33.5,4.0,4.0,0,0,0,0,-304.0,57.2,-15.7,-304.0,57.3,4.0,23.2,1.04,320,118.0,0.201,16,1,15,6,Layer 1 Up
149.09653249535958,-1.5200715866107402,-64.7,149,-1.64,6.55,-3.16,0.0814,326,13.1,0.00102,77.95061595498777,6.194671367394768,10.25,77.3,6.04,11.12,7.05,0.129,324,10.8,0.000516,32.99076785337293,3.1550696176977544,4.0,33.5,4.0,4.0,0,0,0,0,-299.0,57.3,-13.3,-299.0,57.3,4.000000954,23.1,0.876,319,117.0,0.168,16,1,15,6,Layer 1 Up
148.04851786757854,-1.3611001809193308,54.0,148,-1.33,7.46,-4.73,0.0836,326,14.5,0.000854,78.32989552342181,6.437565617001833,10.25,77.5,6.76,10.72,4.96,0.0862,325,9.64,0.00049,33.60619407053369,4.110846283621537,4.0,33.5,4.0,4.0,0,0,0,0,-293.0,57.2,-67.4,-293.0,57.3,4.000000954,24.3,0.923,321,121.0,0.176,16,1,15,6,Layer 1 Up
148.0909305463549,-1.0578939384838635,10.25,148,-0.96,8.24,-4.78,0.0729,326,10.7,0.000777,78.55514860874118,6.948827638164812,16.5,77.8,7.38,10.26,4.35,0.0704,325,9.82,0.000428,33.78452554098489,4.303884269557938,4.0,33.5,4.0,4.0,0,0,0,0,-288.0,57.3,0.0,-288.0,57.3,4.0,25.0,0.91,321,120.0,0.175,16,1,15,6,Layer 1 Up
147.36233939982895,-0.48807288731165377,-8.5,147,-0.49,8.99,-6.44,0.109,326,11.3,0.000986,78.61034989800818,7.696991203979214,22.8,78.2,7.98,9.67,5.97,0.0993,324,11.3,0.000847,33.65743818040237,3.332210893054362,4.0,33.5,4.0,4.0,0,0,0,0,-283.0,57.3,3.063,-283.0,57.3,4.0,21.2,1.02,319,115.0,0.198,16,1,15,6,Layer 1 Up
147.09297085315245,0.1568739237923808,10.25,147,0.06,9.69,-4.21,0.0801,326,11.3,0.00067,78.99982409827531,8.738455899608413,-33.5,78.6,8.53,8.97,1.96,0.0815,325,15.0,0.000773,33.11676228983023,3.7135227124389316,4.0,33.5,4.0,4.0,0,0,0,0,-277.0,57.2,-68.7,-277.0,57.3,4.0,26.3,1.03,321,120.0,0.196,16,1,2,6,Layer 1 Up
146.2822917250431,0.49880934138221134,54.0,146,0.64,10.25,-4.98,0.0847,326,10.5,0.000558,79.44724466538814,8.966524447331892,-58.5,79.1,8.97,8.25,4.74,0.0771,324,12.4,0.000751,33.820756740286285,3.632338506547873,4.0,33.5,4.0,4.0,0,0,0,0,-272.0,57.2,-59.9,-272.0,57.3,4.000000954,23.7,1.04,321,118.0,0.2,16,1,15,6,Layer 1 Up
146.02809932389113,1.5987809239769095,-14.8,146,1.29,10.74,-3.38,0.0743,326,9.91,0.000463,78.86674319130648,9.121723925573496,-71.0,79.6,9.35,7.43,4.39,0.0806,324,15.0,0.000862,33.147817351211906,4.009491639275301,4.0,33.5,4.0,4.0,0,0,0,0,-267.0,57.4,31.9,-267.0,57.3,3.999999046,20.4,0.854,320,118.0,0.164,16,1,15,6,Layer 1 Up
146.12021561836286,2.107004214271616,47.8,146,2.01,11.13,-5.54,0.0892,326,9.21,0.000354,80.66823328652103,9.377619733683122,-2.25,80.2,9.66,6.52,6.22,0.114,324,14.1,0.00146,33.25307634172509,4.712087789383023,4.0,33.5,4.0,4.0,0,0,0,0,-261.0,57.4,9.25,-261.0,57.3,3.999999046,18.9,0.835,321,120.0,0.161,16,1,15,6,Layer 1 Up
146.26248914731505,2.1630963909262344,-64.7,146,2.71,11.38,-3.81,0.0727,326,5.95,0.000174,79.79402561425708,9.37729781915853,35.3,80.8,9.86,5.64,7.9,0.128,324,15.0,0.00152,33.05308305550143,4.8847607007112535,4.0,33.5,4.0,4.0,0,0,0,0,-256.0,57.1,-59.0,-256.0,57.3,4.0,27.3,1.23,320,117.0,0.235,16,1,15,6,Layer 1 Up
144.394115757266,3.5549793813238364,-102.0,145,3.458,11.53,-1.65,0.078,326,6.14,4.9e-05,80.76903722147779,9.92490000014671,29.0,81.3,9.98,4.702,6.48,0.104,324,13.8,0.00125,34.11603638130344,3.643798378269003,4.0,33.5,4.0,4.0,0,0,0,0,-251.0,57.4,21.5,-251.0,57.3,4.0,22.5,0.904,320,117.0,0.175,16,1,15,6,Layer 1 Up
144.86708095990332,4.781361317187806,66.5,145,4.0,4.0,-3.59,0.0653,326,7.62,-4.96e-05,82.67106091745173,6.283706229227353,398.0,81.8,10.0,129.0,15.6,0.238,325,14.0,0.00183,33.79989487011968,4.230336993181506,4.0,33.5,4.0,4.0,0,0,0,0,-245.0,57.3,-25.6,-245.0,57.3,4.0,21.0,0.893,321,120.0,0.172,16,1,15,6,Layer 1 Up
145.8044194206511,10.364331990689546,-27.3,146,10.0,4.0,3.17,0.0552,326,12.2,0.000644,82.4614471911314,4.099623224994427,22.8,81.9,4.0,4.0,0.182,0.0181,325,1.5,-3.8e-07,33.78643549053954,4.244440309079583,4.0,33.5,4.0,4.0,0,0,0,0,-240.0,57.3,-0.13,-240.0,57.3,4.000000954,19.6,0.932,321,120.0,0.179,16,1,17,6,Layer 1 Up
145.73435509366405,10.389238396767812,16.5,147,10.0,4.0,3.66,0.0875,326,14.6,0.0011,82.89390091896865,3.877538139652451,-2.25,81.9,4.0,4.0,-0.677,0.0233,324,3.42,0.0,34.09049508570335,4.169562862550419,4.0,33.5,4.0,4.0,0,0,0,0,-235.0,57.3,-7.3,-235.0,57.3,4.0,26.9,0.903,320,119.0,0.173,16,1,17,6,Layer 1 Up
146.88559606854872,9.725081529932856,-71.0,147,10.0,4.0,6.68,0.099,326,13.7,0.00122,81.71846327141867,4.242515250629689,4.0,81.9,4.0,4.0,-0.229,0.0241,325,6.73,1.08e-06,34.83165518751491,4.174529491940995,4.0,33.5,4.0,4.0,0,0,0,0,-229.0,57.3,-3.44,-229.0,57.3,4.0,24.6,0.873,322,123.0,0.166,16,1,17,6,Layer 1 Up
148.62159542030224,9.69186118116252,16.5,148,10.0,4.0,4.14,0.0765,326,12.7,0.000967,81.13005076033306,3.8741930474301642,-21.0,81.9,4.0,4.0,0.0386,0.0136,325,1.87,0.0,32.69076301130219,4.132868998860968,4.0,33.5,4.0,4.0,0,0,0,0,-224.0,57.3,-9.1,-224.0,57.3,4.0,23.2,1.03,321,117.0,0.197,16,1,2,6,Layer 1 Up
147.63998810372985,9.558209982930038,60.3,148,10.0,4.0,6.74,0.0984,326,11.3,0.00128,81.73933640856013,3.855263829226652,-14.8,81.9,4.0,4.0,-0.808,0.0216,324,0.558,-2.4e-06,33.15041392741016,4.738209999093432,4.0,33.5,4.0,4.0,0,0,0,0,-219.0,57.3,-15.1,-219.0,57.3,4.000000954,23.3,0.894,320,117.0,0.172,16,1,17,6,Layer 1 Up
148.40260937755133,5.274941365578294,-52.3,148,5.41,12.82,5.59,0.0959,326,9.75,0.000275,81.56817877954693,-2.1533748555083174,-39.8,81.5,-1.83,6.11,-8.49,0.146,325,16.2,0.00179,33.20827050412622,4.48226251136947,4.0,33.5,4.0,4.0,0,0,0,0,-213.0,57.2,-59.2,-213.0,57.3,4.000000954,22.7,0.904,321,122.0,0.173,16,1,17,6,Layer 1 Up
148.30026407381993,5.87608066184504,10.25,149,6.24,12.43,9.78,0.117,326,3.33,0.000452,81.0527813957451,-0.8041928058535774,110.0,80.9,-1.57,7.36,-5.27,0.0865,325,13.8,0.000927,33.097177513515106,3.5362467027971936,4.0,33.5,4.0,4.0,0,0,0,0,-208.0,57.3,3.625,-208.0,57.3,4.0,24.2,0.903,321,119.0,0.172,16,1,19,6,Layer 1 Up
148.86075506817386,6.8313037241504215,79.0,149,7.05,11.82,7.14,0.103,326,8.31,0.000652,81.15754159290522,-1.8737190428870996,-8.5,80.4,-1.17,8.59,-5.8,0.109,324,14.9,0.00117,32.989815759092885,4.34807991155636,4.0,33.5,4.0,4.0,0,0,0,0,-203.0,57.3,-5.31,-203.0,57.3,4.0,22.2,1.02,321,115.0,0.197,16,1,19,6,Layer 1 Up
149.0676725963415,7.9015654519980245,22.8,149,7.82,11.01,4.83,0.0757,326,10.0,0.000558,79.65859390864101,-0.39745879280355706,4.0,79.9,-0.62,9.76,-8.44,0.151,325,13.6,0.00156,33.35812857488222,4.390359452248603,4.0,33.5,4.0,4.0,0,0,0,0,-197.0,57.2,-68.7,-197.0,57.3,4.0,26.5,1.02,321,121.0,0.195,16,1,19,6,Layer 1 Up
150.2437507838692,8.780854761090705,104.0,150,8.45,10.1,6.99,0.0881,326,8.66,0.000805,79.73523449466079,-0.2167861828022243,-39.8,79.5,-0.02,10.71,-7.25,0.132,324,12.0,0.0011,32.923996202288805,4.1377791641935895,4.0,33.5,4.0,4.0,0,0,0,0,-192.0,57.2,-57.0,-192.0,57.3,4.000000954,23.5,1.04,321,117.0,0.199,16,1,19,6,Layer 1 Up
150.2957274519569,8.473189736299238,-8.5,150,9.01,9.02,5.05,0.0889,326,12.7,0.000898,78.43938512693332,0.5701175048850856,47.8,79.1,0.69,11.55,-3.18,0.0506,324,7.2,0.00028,33.658626571389185,4.494929824382044,4.0,33.5,4.0,4.0,0,0,0,0,-187.0,57.4,31.1,-187.0,57.3,3.999999046,20.4,0.845,320,118.0,0.162,16,1,19,6,Layer 1 Up
151.32987315582477,9.148122815188094,-46.0,151,9.46,7.78,5.91,0.099,326,14.0,0.00106,79.10090847863603,2.1556575600472323,72.7,78.8,1.52,12.25,-2.04,0.0431,325,9.01,0.000196,33.52447668793375,4.082271030387197,4.0,33.5,4.0,4.0,0,0,0,0,-181.0,57.3,1.37,-181.0,57.3,3.999999046,18.7,0.848,320,120.0,0.163,16,1,19,6,Layer 1 Up
150.85500038949675,10.193589713819014,47.8,151,9.76,6.54,6.11,0.101,326,13.0,0.00124,78.60207717792039,2.0739607087847207,-2.25,78.6,2.34,12.71,-2.73,0.0726,324,7.4,0.000226,33.72774411604185,4.0876925197770415,4.0,33.5,4.0,4.0,0,0,0,0,-176.0,57.1,-56.9,-176.0,57.3,4.0,27.8,1.2,321,116.0,0.229,16,1,19,6,Layer 1 Up
151.80775448860163,9.734087604198287,22.8,152,9.95,5.2,4.21,0.0939,326,14.4,0.0012,77.99896394856462,2.83474211355176,-39.8,78.5,3.223,12.99,-3.08,0.0633,325,5.57,0.000119,33.740385190900135,4.053035415401499,4.0,33.5,4.0,4.0,0,0,0,0,-171.0,57.4,18.7,-171.0,57.3,4.0,21.2,0.885,321,118.0,0.171,16,1,2,6,Layer 1 Up
152.35674569597575,7.655529907573313,1034.0,152,10.0,129.0,17.1,0.206,326,18.0,0.00142,78.34241543007631,4.03372715574794,41.5,78.5,4.0,4.0,-4.15,0.0812,325,8.09,1.29e-05,33.785494967058376,3.1171401138362516,4.0,33.5,4.0,4.0,0,0,0,0,-165.0,57.3,-20.4,-165.0,57.3,4.0,20.5,0.879,321,120.0,0.17,16,1,19,6,Layer 1 Up
152.92045581232065,9.907589406696458,10.25,153,10.0,4.0,4.7,0.0853,326,13.1,0.00107,78.37693111859643,4.005992433717043,-58.5,78.5,4.0,4.0,-3.38,0.0682,325,3.11,1.05e-05,33.323208689068736,3.9648305587064985,4.0,33.5,4.0,4.0,0,0,0,0,-160.0,57.3,22.2,-160.0,57.3,3.999999046,21.4,0.975,322,117.0,0.187,16,1,19,6,Layer 1 Up
152.4695706310542,10.340350485934133,79.0,154,10.0,4.0,4.04,0.0809,326,13.4,0.00102,78.31947845901522,3.7351422498757776,-58.5,78.5,4.0,4.0,-3.21,0.0669,324,3.45,3.13e-05,34.50426017120654,3.7076807358223656,4.0,33.5,4.0,4.0,0,0,0,0,-155.0,57.3,-9.9,-155.0,57.3,4.0,25.6,0.878,321,120.0,0.167,16,1,19,6,Layer 1 Up
153.52878006861022,10.452387341066787,60.3,154,10.0,4.0,5.51,0.0932,326,13.7,0.00121,79.6836356816497,3.6268366221316826,66.5,78.5,4.0,4.0,-3.66,0.0661,325,7.61,-2.05e-05,33.61099194560921,3.4810006706640424,4.0,33.5,4.0,4.0,0,0,0,0,-149.0,57.3,-1.13,-149.0,57.3,4.0,25.2,0.863,322,122.0,0.163,16,1,19,6,Layer 1 Up
154.6176924633295,10.097783529776594,-2.25,155,10.0,4.0,6.1,0.102,326,13.7,0.00122,78.4342169660668,3.6009861594738495,-64.7,78.5,4.0,4.0,-2.43,0.0664,324,4.16,0.0,32.61820235528716,4.627296385273558,4.0,33.5,4.0,4.0,0,0,0,0,-144.0,57.3,-6.2,-144.0,57.3,4.0,21.7,1.0,322,118.0,0.192,16,1,19,6,Layer 1 Up
155.20671904598228,10.317104893333257,-27.3,155,10.0,4.0,3.84,0.0736,326,13.3,0.000863,78.3370251130991,4.280572310026581,-58.5,78.5,4.0,4.0,-3.05,0.065,325,3.61,2.02e-05,33.02542292199264,4.2205603353669,4.0,33.5,4.0,4.0,0,0,0,0,-139.0,57.3,-12.1,-139.0,57.3,4.000000954,21.5,0.872,321,119.0,0.168,16,1,19,6,Layer 1 Up
156.0592205089319,9.591669670369011,-71.0,156,10.0,4.0,4.11,0.0726,326,14.0,0.000853,77.09845311863262,4.173668612948182,72.7,78.5,4.0,4.0,-3.99,0.0664,325,7.23,0.0,32.67595489886431,3.9869507038756367,4.0,33.5,4.0,4.0,0,0,0,0,-133.0,57.2,-62.7,-133.0,57.3,4.000000954,23.4,0.919,321,122.0,0.177,16,1,19,6,Layer 1 Up
156.28710326662917,10.397185629953565,47.8,157,10.0,4.0,4.43,0.0853,326,12.8,0.00114,77.90247779290601,3.992779737499616,-64.7,78.5,4.0,4.0,-3.06,0.0626,325,3.47,1.95e-05,33.508207119621275,3.752932647855812,4.0,33.5,4.0,4.0,0,0,0,0,-128.0,57.3,9.75,-128.0,57.3,4.0,23.8,0.889,322,119.0,0.169,16,1,19,6,Layer 1 Up
156.82234868601262,9.679484575781936,-8.5,157,10.0,4.0,3.63,0.0903,324,15.7,0.00113,78.32421055601817,3.792254037776187,-52.3,78.5,4.0,4.0,-3.22,0.0655,324,2.86,9.87e-06,33.442331039471554,4.1295563047156865,4.0,33.5,4.0,4.0,0,0,0,0,-123.0,57.3,-4.94,-123.0,57.3,4.0,20.9,1.01,319,116.0,0.196,16,1,19,6,Layer 1 Up
158.06592067873757,9.876251601412667,-58.5,158,10.0,4.0,5.0,0.0864,324,15.6,0.00108,78.04170338243898,3.9412534639237427,72.7,78.5,4.0,4.0,-3.52,0.0653,323,6.94,-3.99e-05,33.27822278730143,4.433693408365976,4.0,33.5,4.0,4.0,0,0,0,0,-117.0,57.2,-65.0,-117.0,57.3,4.0,25.3,1.01,319,122.0,0.194,16,1,2,6,Layer 1 Up
158.26011999330868,10.375870969259573,72.7,158,10.0,4.0,4.3,0.0889,325,12.8,0.00111,79.42327687635986,4.380990197116383,-71.0,78.5,4.0,4.0,-2.89,0.0625,324,3.58,1.96e-05,34.4520775443167,3.6382523919519465,4.0,33.5,4.0,4.0,0,0,0,0,-112.0,57.2,-62.0,-112.0,57.3,4.000000954,24.2,1.03,321,118.0,0.198,16,1,19,6,Layer 1 Up
158.8713739523208,10.292525700685426,97.7,159,10.0,4.0,5.12,0.101,326,13.4,0.00135,78.3897862074498,3.8404328498717755,-46.0,78.5,4.0,4.0,-3.08,0.0634,324,3.46,1.99e-05,33.7599171910892,3.997887878761307,4.0,33.5,4.0,4.0,0,0,0,0,-107.0,57.4,25.6,-107.0,57.3,3.999999046,19.7,0.845,321,118.0,0.162,16,1,19,6,Layer 1 Up
159.18992678417504,9.668995574372005,-121.0,159,9.99,3.655,8.1,0.164,326,15.7,0.00211,79.36095696917047,4.134663002480726,91.5,78.5,4.246,13.06,-2.47,0.0425,325,3.72,-1.75e-05,33.84377292165796,4.379726662275665,4.0,33.5,4.0,4.0,0,0,0,0,-101.0,57.3,6.69,-101.0,57.3,3.999999046,18.0,0.848,320,120.0,0.163,16,1,19,6,Layer 1 Up
159.724771714813,9.602094380614195,-8.5,160,9.9,2.35,4.68,0.0976,326,15.0,0.00105,78.54123192349525,5.446954846621621,29.0,78.5,5.11,12.92,6.52,0.128,324,8.7,0.000286,33.05918113822685,3.153116439947908,4.0,33.5,4.0,4.0,0,0,0,0,-96.0,57.1,-56.3,-95.8,57.3,4.0,28.6,1.21,322,116.0,0.23,16,1,21,6,Layer 1 Up
160.8490424964164,9.483418156397072,79.0,161,9.66,1.02,2.51,0.0866,326,14.2,0.000987,78.72487617545832,5.821355952284097,35.3,78.7,5.99,12.57,5.85,0.0955,324,6.55,0.000428,33.02695257737767,3.9748167061450497,4.0,33.5,4.0,4.0,0,0,0,0,-90.9,57.3,15.7,-90.5,57.3,4.0,25.1,0.902,321,114.0,0.173,16,1,21,6,Layer 1 Up
160.84127368420286,9.386290095317918,-77.2,161,9.28,-0.28,13.5,0.105,326,5.99,0.00109,78.8406649371627,6.441754804235073,-39.8,78.9,6.85,12.0,3.53,0.0741,324,10.2,0.000424,33.51742564730822,3.812210954463166,4.0,33.5,4.0,4.0,0,0,0,0,-85.4,57.3,-17.8,-85.0,57.3,4.0,21.9,0.874,320,119.0,0.167,16,1,21,6,Layer 1 Up
161.502770816802,9.054596932029261,22.8,162,8.81,-1.39,4.14,0.0911,325,12.3,0.000864,79.20253670990573,7.6532433165531994,-14.8,79.3,7.58,11.29,2.45,0.0861,324,12.7,0.000634,33.58191062399241,3.941457520517839,4.0,33.5,4.0,4.0,0,0,0,0,-80.3,57.3,22.8,-79.8,57.3,3.999999046,21.1,0.977,322,117.0,0.188,16,1,21,6,Layer 1 Up
162.2024827741362,8.487679080500467,-21.0,162,8.22,-2.43,4.91,0.0834,326,12.0,0.000717,80.74852352923625,8.320085494298334,66.5,79.6,8.27,10.4,4.51,0.1,324,11.0,0.000918,32.62112506401577,3.7805678048106306,4.0,33.5,4.0,4.0,0,0,0,0,-74.9,57.3,-11.0,-74.5,57.3,4.0,25.9,0.892,321,120.0,0.169,16,1,21,6,Layer 1 Up
161.80482287648587,7.33685776888278,-46.0,163,7.5,-3.35,5.47,0.0848,326,10.5,0.00059,78.55000276727863,8.862173099186453,-14.8,80.1,8.87,9.31,7.09,0.119,324,13.8,0.00114,33.41463322969499,4.0602024522908495,4.0,33.5,4.0,4.0,0,0,0,0,-69.4,57.3,1.69,-69.0,57.3,4.0,23.6,0.859,320,123.0,0.163,16,1,21,6,Layer 1 Up
163.00519504473084,6.387172289925375,72.7,163,6.76,-4.04,4.07,0.0791,325,9.42,0.000392,79.26253836074025,10.192062475066436,91.5,80.6,9.33,8.19,3.7,0.0974,324,13.3,0.00112,33.50666245966125,4.841470722393318,4.0,33.5,4.0,4.0,0,0,0,0,-64.3,57.3,-11.3,-63.8,57.3,4.0,22.7,1.01,322,118.0,0.194,16,1,2,6,Layer 1 Up
163.19989408229998,6.433842314113278,54.0,163,5.92,-4.58,5.29,0.0995,325,7.46,0.000439,80.73704544244322,9.886430480493038,-39.8,81.2,9.68,6.93,9.44,0.0957,324,7.85,0.00114,33.39813713783614,3.858303482482333,4.0,33.5,4.0,4.0,0,0,0,0,-58.9,57.3,-9.4,-58.5,57.3,4.000000954,21.3,0.864,321,118.0,0.166,16,1,21,6,Layer 1 Up
163.18566731145665,4.741187639720896,-96.0,163,5.01,-4.94,4.5,0.0734,326,8.1,0.000122,81.70970773955338,9.497289975071839,10.25,81.8,9.91,5.55,5.81,0.1,324,12.7,0.00131,33.11489845818684,4.127605947215989,4.0,33.5,4.0,4.0,0,0,0,0,-53.4,57.2,-60.9,-53.0,57.3,4.000000954,23.7,0.915,320,121.0,0.175,16,1,21,6,Layer 1 Up
163.27666660447912,4.450478284331595,54.0,163,4.144,-5.07,4.51,0.0786,325,3.63,6.01e-05,82.76113769708726,10.103281292052893,47.8,82.3,10.0,4.246,9.32,0.155,324,15.1,0.00196,33.2445558402627,4.872581075932864,4.0,33.5,4.0,4.0,0,0,0,0,-48.3,57.3,14.0,-47.8,57.3,4.0,24.0,0.884,321,120.0,0.169,16,1,21,6,Layer 1 Up
162.95904981307476,3.984780833683645,91.5,163,4.0,4.0,2.78,0.0456,325,1.43,0.0,83.1161236664936,9.731989909414656,-27.3,82.9,10.0,4.0,5.16,0.0874,324,14.4,0.00104,33.41626561231252,3.759401405247828,4.0,33.5,4.0,4.0,0,0,0,0,-42.9,57.3,-2.06,-42.5,57.3,4.0,22.2,1.02,321,115.0,0.196,16,1,21,6,Layer 1 Up
162.8239928950983,4.3080846331603055,-77.2,163,4.0,4.0,3.9,0.0504,326,5.32,-1.51e-05,83.14324135736192,9.833752954905567,-77.2,83.5,10.0,4.0,4.62,0.0741,324,13.0,0.00083,33.54298947781794,4.793810859277115,4.0,33.5,4.0,4.0,0,0,0,0,-37.4,57.2,-63.8,-37.0,57.3,4.0,26.5,1.01,320,121.0,0.192,16,1,21,6,Layer 1 Up
162.96685323066416,3.967471230251542,123.0,163,4.0,4.0,1.5,0.0467,326,2.39,5.83e-06,84.68093964488564,10.22784810954099,41.5,84.1,10.0,4.0,3.76,0.0801,324,12.7,0.00102,33.78633995112371,4.002328493891261,4.0,33.5,4.0,4.0,0,0,0,0,-32.3,57.2,-61.0,-31.8,57.3,4.000000954,23.5,1.04,322,118.0,0.2,16,1,21,6,Layer 1 Up
162.2984076707329,4.050865438523088,85.2,163,4.0,4.0,1.96,0.0469,325,2.24,1.41e-05,85.28839137775735,9.940922647270112,35.3,84.7,10.0,4.0,6.14,0.1,324,12.6,0.00126,34.01173383001162,4.779471972786385,4.0,33.5,4.0,4.0,0,0,0,0,-26.9,57.4,27.7,-26.5,57.3,3.999999046,21.2,0.858,321,117.0,0.164,16,1,21,6,Layer 1 Up
162.39829177322173,3.9065676963680263,-58.5,163,4.0,4.0,2.75,0.0531,326,5.49,-7.4e-06,85.32299008874269,9.953347034804276,10.25,85.3,10.0,4.0,5.07,0.0921,324,13.9,0.00119,33.360640400428984,4.328167680227636,4.0,33.5,4.0,4.0,0,0,0,0,-21.4,57.3,6.75,-21.0,57.3,3.999999046,18.2,0.849,320,120.0,0.163,16,1,21,6,Layer 1 Up
162.4500225424929,3.8541242777762568,85.2,163,4.0,4.0,0.975,0.0428,326,3.35,6.01e-06,86.44326162842965,10.264042914772574,-33.5,85.9,10.0,4.0,4.76,0.0766,324,12.9,0.000907,33.28403181084365,4.1343413593713185,4.0,33.5,4.0,4.0,0,0,0,0,-16.3,57.2,-51.0,-15.8,57.3,4.0,27.8,1.18,322,116.0,0.227,16,1,21,6,Layer 1 Up
162.58534555417685,4.097104384326988,-8.5,163,4.0,4.0,1.64,0.0353,325,5.96,-1.5e-05,86.88218548438353,9.858418674781726,35.3,86.7,10.0,4.0,9.26,0.145,324,14.2,0.00182,33.70720907463746,3.9712905407492953,4.0,33.5,4.0,4.0,0,0,0,0,-8.6,57.3,7.44,-8.2,57.3,4.0,21.2,0.823,322,120.0,0.157,16,1,2,6,Layer 1 Up
163.16622580874494,4.52356830978663,29.0,163,4.0,4.0,1.09,0.0586,326,4.13,3.51e-05,86.92480897001523,9.520034979652902,16.5,87.3,10.0,4.0,7.88,0.125,324,14.4,0.00151,33.78920591581584,3.7270195619798248,4.0,33.5,4.0,4.0,0,0,0,0,-3.47,57.3,-14.7,-3.04,57.3,4.000000954,21.5,0.8,317,118.0,0.153,16,1,21,6,Layer 1 Up
162.62350252162966,3.8809055606990412,29.0,163,4.0,4.0,2.25,0.0626,326,2.94,2.53e-05,88.36629124314805,10.777097966754265,10.25,87.9,10.0,4.0,5.66,0.0988,324,13.9,0.0012,33.294426816734266,4.0331542253211605,4.0,33.5,4.0,4.0,0,0,0,0,1.86,57.3,-9.4,2.3,57.3,3.999999046,21.7,1.06,316,118.0,0.205,16,1,21,6,Layer 1 Up
162.84276030774305,4.09109026651851,-14.8,163,4.0,4.0,1.79,0.0399,325,5.94,-2.08e-05,88.57391327860418,9.573414277895406,22.8,88.5,10.0,4.0,6.45,0.104,324,13.8,0.00126,33.874213590421576,4.392541437942206,4.0,33.5,4.0,4.0,0,0,0,0,7.41,57.3,-23.8,7.84,57.3,3.999999046,17.7,0.913,321,117.0,0.177,16,1,21,6,Layer 1 Up
163.54021810338764,3.1922346266527755,-2.25,163,4.0,4.0,0.629,0.0365,325,7.48,-2.04e-05,89.10089530486205,9.71169758773977,-64.7,89.1,10.0,4.0,6.03,0.0885,324,13.7,0.00101,33.96378690907897,3.994264540865691,4.0,33.5,4.0,4.0,0,0,0,0,12.74,57.3,10.38,13.18,57.3,4.0,19.4,0.995,320,120.0,0.191,16,1,21,6,Layer 1 Up
162.8518657213054,3.913562866280319,-2.25,163,3.9751,-1.86,1.12,0.0643,325,4.74,3.74e-05,90.48424875109045,2.8515883439338787,-240.0,89.6,9.5,879.0,1.08,0.0287,324,0.299,2.14e-05,34.11155189674442,3.8614966467135705,4.0,33.5,4.0,4.0,0,0,0,0,17.9,57.4,48.8,18.3,57.3,4.0,19.7,0.99,316,118.0,0.191,16,1,21,6,Layer 1 Up
163.30665839275136,3.108030310423486,41.5,163,3.035,-4.96,-4.52,0.0534,325,6.11,5.62e-05,88.46229201168093,10.356864993381096,72.7,90.2,9.92,2.57,3.69,0.0944,324,14.3,0.00117,34.34195008033176,3.8902977884915644,4.0,33.5,4.0,4.0,0,0,0,0,23.4,57.4,4.0,23.8,57.3,4.0,19.5,0.834,322,118.0,0.161,16,1,23,6,Layer 1 Up
162.6118025036527,2.059530984160556,29.0,163,2.15,-4.64,-4.92,0.0778,325,9.33,0.000246,89.75268305786038,9.354612158291642,22.8,90.8,9.71,1.23,8.04,0.147,324,15.9,0.0018,33.08979330738983,4.434148573135019,4.0,33.5,4.0,4.0,0,0,0,0,28.7,57.3,-5.0,29.2,57.3,4.000000954,21.4,0.948,321,120.0,0.183,16,1,23,6,Layer 1 Up
162.91457922517162,1.737722775662193,-39.8,163,1.35,-4.15,-5.07,0.101,325,9.34,0.000596,90.50678247660001,9.009946904040222,-46.0,91.3,9.38,0.01,5.04,0.0835,324,12.3,0.00091,33.50658013883757,4.535934137199813,4.0,33.5,4.0,4.0,0,0,0,0,33.9,57.4,65.8,34.3,57.3,4.0,17.0,0.904,316,119.0,0.171,16,1,23,6,Layer 1 Up
162.60498157748353,0.6041518303622542,-8.5,163,0.54,-3.43,-7.54,0.108,325,10.7,0.000754,91.55726401331277,9.300787552740895,47.8,91.8,8.9,-1.21,5.48,0.109,324,12.2,0.00115,33.50533945112952,3.708161945929223,4.0,33.5,4.0,4.0,0,0,0,0,39.4,57.5,64.4,39.8,57.3,4.0,14.4,0.744,321,118.0,0.14,16,1,23,6,Layer 1 Up
161.85903031394807,-0.30214167583310086,-33.5,162,-0.13,-2.59,-3.9,0.0877,325,10.4,0.000743,92.12986716089284,8.599402132813342,10.25,92.3,8.35,-2.23,5.71,0.107,323,12.0,0.000982,33.45356684578562,3.707533194884761,4.0,33.5,4.0,4.0,0,0,0,0,44.5,57.3,-5.0,45.0,57.3,4.0,21.7,0.855,318,119.0,0.165,16,1,2,6,Layer 1 Up
162.34939946201294,-0.8608166952658964,-8.5,162,-0.74,-1.58,-5.49,0.0786,325,9.95,0.000794,91.69278333389569,8.179914986839577,10.25,92.7,7.68,-3.15,3.2,0.0713,324,10.2,0.000588,33.19260499313901,4.165946614182599,4.0,33.5,4.0,4.0,0,0,0,0,49.9,57.4,50.6,50.3,57.3,4.000000954,21.1,0.94,316,119.0,0.181,16,1,23,6,Layer 1 Up
160.28178152788865,-1.8631474360723494,16.5,161,-1.26,-0.39,-3.2,0.0669,325,13.1,0.000706,92.34170324086504,6.159371999566972,-27.3,93.0,6.89,-3.94,8.28,0.108,324,8.64,0.000585,32.79665728877624,4.668203015825375,4.0,33.5,4.0,4.0,0,0,0,0,55.4,57.3,-3.13,55.8,57.3,4.000000954,16.7,0.794,322,121.0,0.152,16,1,23,6,Layer 1 Up
161.18063300898157,-2.0325698992731085,-14.8,161,-1.62,0.81,-6.98,0.0949,325,10.6,0.00108,92.6247732155509,6.911420535753127,16.5,93.3,6.1,-4.49,7.08,0.109,324,7.6,0.000555,33.54387929463932,4.50130154239531,4.0,33.5,4.0,4.0,0,0,0,0,60.5,57.5,42.8,61.0,57.3,4.0,15.9,0.743,318,115.0,0.141,16,1,23,6,Layer 1 Up
160.0988502762898,-1.6676372856115573,-46.0,160,-1.88,2.17,-6.07,0.106,325,12.7,0.00137,95.04208610454016,4.792741525077628,-14.8,93.4,5.19,-4.89,3.44,0.0546,324,8.23,0.000105,33.13622026438806,3.452390268691863,4.0,33.5,4.0,4.0,0,0,0,0,66.1,57.4,48.8,66.5,57.3,4.0,18.8,0.835,321,121.0,0.158,16,1,23,6,Layer 1 Up
159.75295291617238,-2.4198891163894105,41.5,159,-1.99,3.534,-6.37,0.115,325,14.9,0.0014,94.70394987007042,4.908825458401473,10.25,93.5,4.29,-5.06,6.22,0.0987,324,7.29,7.92e-05,33.54071380916115,3.8844827132426745,4.0,33.5,4.0,4.0,0,0,0,0,71.4,57.3,5.25,71.8,57.3,4.0,22.5,0.834,322,119.0,0.16,16,1,23,6,Layer 1 Up
158.39873028257026,-2.0751382256980087,41.5,159,-2.0,4.0,-6.93,0.123,325,15.5,0.0015,93.22486312008063,4.273342666260897,-27.3,93.5,4.0,4.0,5.97,0.0802,324,7.15,-2.54e-05,33.12405827812404,3.5929171530155974,4.0,33.5,4.0,4.0,0,0,0,0,76.7,57.3,-5.75,77.2,57.3,4.0,22.4,1.01,321,119.0,0.195,16,1,23,6,Layer 1 Up
158.02999139252267,-1.967435027621612,35.3,158,-2.0,4.0,-6.16,0.106,325,15.1,0.00123,93.25704841879717,4.107739395012681,-27.3,93.5,4.0,4.0,5.95,0.0815,324,6.54,-3.83e-05,32.97936425359306,3.8829794293429556,4.0,33.5,4.0,4.0,0,0,0,0,82.1,57.3,17.8,82.5,57.3,4.000000954,20.3,0.87,321,121.0,0.168,16,1,23,6,Layer 1 Up
157.77983734842024,-1.5877357817677389,16.5,158,-2.0,4.0,-4.86,0.0835,326,13.7,0.00108,92.73208536892352,3.654377202607161,-39.8,93.5,4.0,4.0,5.12,0.0799,324,7.11,-5.05e-05,33.61092909192908,4.701832467354175,4.0,33.5,4.0,4.0,0,0,0,0,87.4,57.3,-22.6,87.8,57.3,3.999999046,18.3,0.915,321,116.0,0.177,16,1,23,6,Layer 1 Up
157.09674658550438,-1.8441894533165248,-46.0,157,-2.0,4.0,-4.99,0.0961,325,14.0,0.00123,92.2249598279307,3.9979817521638457,-21.0,93.5,4.0,4.0,5.14,0.0793,324,7.59,0.0,33.57145414032887,3.377698140835421,4.0,33.5,4.0,4.0,0,0,0,0,92.7,57.3,9.0,93.2,57.3,4.0,19.0,0.996,320,120.0,0.19,16,1,23,6,Layer 1 Up
157.0090861049053,-2.0436929025822925,35.3,157,-2.0,4.0,-6.47,0.108,326,14.8,0.00135,93.42189897925377,3.8009422947090448,-27.3,93.5,4.0,4.0,5.7,0.0786,324,7.01,-1.24e-05,33.77426236763309,3.2918442131970864,4.0,33.5,4.0,4.0,0,0,0,0,98.1,57.2,-29.9,98.5,57.3,4.0,26.1,0.974,321,120.0,0.187,16,1,2,6,Layer 1 Up
156.66601840199314,-1.546742768737925,60.3,156,-2.0,4.0,-5.31,0.0845,326,14.8,0.000982,92.83322096037209,3.9091917075617437,-46.0,93.5,4.0,4.0,5.12,0.078,324,7.38,-4.98e-05,34.534902174728565,3.6375576023100016,4.0,33.5,4.0,4.0,0,0,0,0,103.4,57.4,6.13,103.8,57.3,4.0,19.4,0.838,322,118.0,0.162,16,1,23,6,Layer 1 Up
154.90047611853208,-2.267558499921127,47.8,155,-2.0,4.0,-4.21,0.0733,325,14.2,0.000889,93.44330165499137,3.8209095515445806,-39.8,93.5,4.0,4.0,5.69,0.0779,324,6.7,-6.09e-05,33.631283359598335,4.125681035147627,4.0,33.5,4.0,4.0,0,0,0,0,109.0,57.3,-2.31,109.0,57.3,4.000000954,21.6,0.96,321,120.0,0.185,16,1,23,6,Layer 1 Up
154.5744305483275,-1.9535333567586592,-89.7,155,-2.0,4.0,-3.99,0.0795,325,13.8,0.000957,92.43071944822579,3.254731814644809,-39.8,93.5,4.0,4.0,6.23,0.0788,324,5.93,-6.24e-05,33.729663066549925,4.271542740614227,4.0,33.5,4.0,4.0,0,0,0,0,114.0,57.3,-31.3,115.0,57.3,3.999999046,20.0,0.979,321,118.0,0.19,16,1,23,6,Layer 1 Up
154.07454266787812,-2.249228871302037,-2.25,154,-2.0,4.0,-7.07,0.103,325,13.5,0.00131,92.99083771334364,4.255071074701306,-46.0,93.5,4.0,4.0,5.12,0.0764,324,7.54,-3.61e-05,32.9898261365685,4.191357268489822,4.0,33.5,4.0,4.0,0,0,0,0,119.0,57.5,60.9,120.0,57.3,4.0,14.7,0.742,321,118.0,0.141,16,1,23,6,Layer 1 Up
154.09147444800064,-1.4846841654852971,54.0,154,-2.0,4.0,-6.89,0.105,325,15.4,0.00122,93.59931476164083,3.8993276768381224,-33.5,93.5,4.0,4.0,6.24,0.0807,324,6.42,-1.24e-05,32.890710743575674,4.514291352846776,4.0,33.5,4.0,4.0,0,0,0,0,125.0,57.2,-19.2,125.0,57.3,4.0,24.3,1.04,320,121.0,0.2,16,1,23,6,Layer 1 Up
153.56514912374956,-2.049319296401221,60.3,153,-2.0,4.0,-4.17,0.0777,325,14.8,0.000957,93.74470651761303,3.7715492682208103,-33.5,93.5,4.0,4.0,4.28,0.077,324,8.64,0.0,34.24939420372695,3.2287565423953306,4.0,33.5,4.0,4.0,0,0,0,0,130.0,57.3,-7.4,131.0,57.3,4.0,22.3,0.942,321,120.0,0.183,16,1,23,6,Layer 1 Up
152.34723859860074,-2.452167534611587,-21.0,152,-2.0,4.0,-4.81,0.0841,325,12.4,0.00101,93.77896076411716,3.7226432486404346,-52.3,93.5,4.0,4.0,5.69,0.078,324,6.56,-3.69e-05,33.06277639656513,4.519825460340247,4.0,33.5,4.0,4.0,0,0,0,0,135.0,57.3,-11.9,136.0,57.3,4.000000954,20.4,0.839,322,118.0,0.159,16,1,23,6,Layer 1 Up
152.1483867054437,-2.013795313240394,-8.5,152,-2.0,4.0,-6.66,0.101,326,12.9,0.00126,92.61763027835748,4.013460888982797,-46.0,93.5,4.0,4.0,5.96,0.0785,324,6.45,-4.92e-05,33.00574230358898,3.863477147949063,4.0,33.5,4.0,4.0,0,0,0,0,141.0,57.2,-76.1,141.0,57.3,3.999999046,24.2,1.11,320,118.0,0.213,16,1,23,6,Layer 1 Up
151.60844019016776,-1.71851817067061,60.3,151,-2.0,4.0,-5.43,0.0974,325,15.8,0.00115,94.07111329124261,3.6171050925609998,-46.0,93.5,4.0,4.0,5.12,0.0852,324,7.49,-1.31e-05,33.48148852676996,4.31998457848961,4.0,33.5,4.0,4.0,0,0,0,0,146.0,57.4,51.6,147.0,57.3,4.0,17.4,0.842,320,122.0,0.16,16,1,23,6,Layer 1 Up
150.5057132578794,-2.1953537161578347,35.3,151,-2.0,4.0,-4.65,0.0835,325,14.3,0.00101,92.96528704104533,3.1861838808431355,-46.0,93.5,4.0,4.0,6.52,0.08,324,5.74,-5.04e-05,33.457298196629495,3.4210813103136486,4.0,33.5,4.0,4.0,0,0,0,0,151.0,57.3,4.0,152.0,57.3,4.0,19.6,0.841,322,123.0,0.161,16,1,2,6,Layer 1 Up
149.7339918163341,-1.8872522362738506,-2.25,150,-2.0,4.0,-5.16,0.0937,325,14.7,0.00115,93.92288475606465,4.028866160786113,-52.3,93.5,4.0,4.0,4.84,0.0822,324,7.59,-1.28e-05,33.07270624062927,4.002168255558367,4.0,33.5,4.0,4.0,0,0,0,0,157.0,57.3,-4.19,157.0,57.3,4.0,22.1,1.02,320,119.0,0.197,16,1,23,6,Layer 1 Up
148.6147304530207,-2.121279628715177,-8.5,149,-2.0,4.0,-5.4,0.106,325,15.0,0.00132,93.49289108334953,4.064308311187515,-52.3,93.5,4.0,4.0,5.96,0.0791,324,6.54,-2.5e-05,33.355609735552086,4.103354191444782,4.0,33.5,4.0,4.0,0,0,0,0,162.0,57.3,16.4,163.0,57.3,4.000000954,21.3,0.869,321,120.0,0.167,16,1,23,6,Layer 1 Up
148.8379173907299,-1.6977388197799066,29.0,149,-2.0,4.0,-5.89,0.107,326,15.4,0.00132,92.58027808712927,3.8368118309831214,-46.0,93.5,4.0,4.0,5.96,0.0773,324,6.46,-3.63e-05,34.082050731294984,4.505571271868832,4.0,33.5,4.0,4.0,0,0,0,0,167.0,57.3,-31.0,168.0,57.3,3.999999046,18.0,0.932,321,117.0,0.181,16,1,23,6,Layer 1 Up
147.42757498365742,-1.800078172828767,66.5,148,-2.0,4.0,-4.14,0.0843,325,15.4,0.001,93.28871214836116,3.5366617346227462,-46.0,93.5,4.0,4.0,5.67,0.0835,324,6.41,-2.59e-05,33.11840049164437,3.3065468515412424,4.0,33.5,4.0,4.0,0,0,0,0,173.0,57.3,11.0,173.0,57.3,4.0,19.5,1.0,319,119.0,0.191,16,1,23,6,Layer 1 Up
148.26409526365583,-1.8678987781569634,29.0,148,-1.93,6.04,-4.85,0.101,326,15.3,0.00128,93.74414130466137,4.778150190974783,-14.8,93.5,4.917,17.6,8.72,0.139,324,8.92,0.000224,32.84016259060202,4.013452382538762,4.0,33.5,4.0,4.0,0,0,0,0,178.0,57.2,-25.9,179.0,57.3,4.0,25.0,0.982,321,121.0,0.189,16,1,23,6,Layer 1 Up
146.9075999774936,-1.6796751144426214,47.8,147,-1.57,9.07,-4.43,0.0783,326,14.4,0.000903,94.10959227879599,5.736441051074273,10.25,93.7,6.24,16.8,3.68,0.0697,324,9.05,0.000312,33.946273094939116,3.5252751080308444,4.0,33.5,4.0,4.0,0,0,0,0,183.0,57.4,-0.44,184.0,57.3,4.0,18.8,0.85,321,119.0,0.165,16,1,25,6,Layer 1 Up
146.38843990065428,-0.7754783472671326,60.3,147,-0.91,11.84,-6.03,0.0868,326,12.4,0.000833,93.90578986018394,7.004857349685482,47.8,94.0,7.45,15.3,5.91,0.106,324,11.7,0.000786,33.73307909331047,4.221123987522608,4.0,33.5,4.0,4.0,0,0,0,0,189.0,57.3,1.56,189.0,57.3,4.000000954,22.0,0.957,321,119.0,0.185,16,1,25,6,Layer 1 Up
145.57772301755972,0.11166079858953666,-8.5,146,0.0,14.2,-4.31,0.0927,326,12.7,0.000771,95.42355667448476,7.962386442296734,-89.7,94.4,8.47,13.21,3.68,0.0562,324,10.7,0.000496,33.206214046897664,4.33998529103994,4.0,33.5,4.0,4.0,0,0,0,0,194.0,57.3,-29.3,195.0,57.3,3.999999046,20.8,0.995,320,117.0,0.193,16,1,25,6,Layer 1 Up
146.13035881095257,1.8057425356603323,117.0,146,1.12,16.0,-5.2,0.0722,326,9.15,0.000412,95.47323318044546,9.797126570312903,35.3,94.9,9.26,10.66,6.28,0.105,324,12.0,0.00118,32.75091942557013,4.563059236377643,4.0,33.5,4.0,4.0,0,0,0,0,199.0,57.5,62.5,200.0,57.3,4.0,13.5,0.745,321,118.0,0.141,16,1,25,6,Layer 1 Up
146.3484923671061,2.7559953158372474,72.7,146,2.39,17.2,-5.91,0.0796,326,8.1,0.000234,95.22850002994109,9.415225103459438,-8.5,95.4,9.78,7.75,9.28,0.134,324,14.7,0.0016,33.14745637730439,3.76595692936824,4.0,33.5,4.0,4.0,0,0,0,0,205.0,57.2,-24.0,205.0,57.3,4.0,24.1,1.05,320,120.0,0.202,16,1,2,6,Layer 1 Up
145.83023913281704,4.0617391938721035,85.2,145,3.744,17.7,-6.54,0.0741,326,5.48,1.15e-05,96.50124217809797,9.608239744239112,10.25,96.0,9.99,4.65,6.43,0.102,324,14.2,0.00125,33.47410005987912,4.405605583270602,4.0,33.5,4.0,4.0,0,0,0,0,210.0,57.3,-8.2,211.0,57.3,4.0,22.7,0.946,321,118.0,0.183,16,1,25,6,Layer 1 Up
146.2115817193955,5.007383828271492,72.7,145,4.0,4.0,-3.59,0.0548,326,6.11,-7.54e-06,97.79218860566934,10.938706166911434,97.7,96.6,10.0,4.0,1.67,0.0676,324,13.7,0.000846,34.051890103754374,4.595312246449122,4.0,33.5,4.0,4.0,0,0,0,0,215.0,57.3,-15.9,216.0,57.3,4.000000954,18.6,0.812,322,120.0,0.156,16,1,25,6,Layer 1 Up
145.17231111610778,4.301585083153578,85.2,145,4.0,4.0,-4.53,0.0525,326,5.4,-2.95e-05,98.41002399280268,10.111562672336616,22.8,97.2,10.0,4.0,3.97,0.0792,324,14.4,0.000966,33.00922790497819,3.281178702341792,4.0,33.5,4.0,4.0,0,0,0,0,221.0,57.2,-70.1,221.0,57.3,3.999999046,24.0,1.11,320,119.0,0.212,16,1,25,6,Layer 1 Up
144.58855082871554,4.317384959778617,97.7,145,4.0,4.0,-3.09,0.0515,326,7.92,-1.54e-05,96.87943282676449,9.927299737695968,-21.0,97.8,10.0,4.0,4.29,0.0977,324,16.1,0.00124,33.45998386975078,4.267863917082589,4.0,33.5,4.0,4.0,0,0,0,0,226.0,57.4,50.6,227.0,57.3,4.0,19.1,0.836,320,120.0,0.158,16,1,25,6,Layer 1 Up
144.11349683494885,4.356834829521443,91.5,145,4.0,4.0,-4.53,0.0514,326,5.27,-2.93e-05,97.58087725593091,9.932981016620767,-121.0,98.2,10.0,4.0,4.51,0.0788,324,15.6,0.000924,33.81964877569965,4.4192907797193826,4.0,33.5,4.0,4.0,0,0,0,0,231.0,57.3,2.69,232.0,57.3,4.0,20.3,0.83,321,121.0,0.159,16,1,25,6,Layer 1 Up
145.11131421528376,3.8285726739679804,79.0,145,4.0,4.0,-3.34,0.0478,326,6.75,-2.9e-05,99.79224407945252,9.591234337048402,4.0,98.8,10.0,4.0,6.14,0.107,324,15.3,0.00133,32.372583558608,3.8868228329562693,4.0,33.5,4.0,4.0,0,0,0,0,237.0,57.3,-2.63,237.0,57.3,4.0,22.0,1.02,319,119.0,0.197,16,1,26,6,Layer 1 Up
144.6619797325668,4.044584725325052,91.5,145,4.0,4.0,-3.09,0.0519,325,7.38,-3.17e-05,98.69284138871991,9.057950924686034,-64.7,99.4,10.0,4.0,5.74,0.0866,324,13.7,0.00106,33.989448413867834,3.470359690215391,4.0,33.5,4.0,4.0,0,0,0,0,242.0,57.3,16.2,243.0,57.3,4.000000954,22.9,0.879,321,118.0,0.169,16,1,26,6,Layer 1 Up
144.82729477821186,4.001290920032957,79.0,145,4.0,4.0,-4.32,0.0511,326,5.77,-1.53e-05,99.11625900280545,10.276629168788764,-39.8,100.0,10.0,4.0,3.38,0.0661,324,13.6,0.000788,32.94016608560605,4.412486189036237,4.0,33.5,4.0,4.0,0,0,0,0,247.0,57.3,-35.3,248.0,57.3,3.999999046,17.4,0.941,320,117.0,0.182,16,1,26,6,Layer 1 Up
144.7454906328309,4.365264571682611,91.5,145,4.0,4.0,-3.13,0.0533,325,6.95,-3.22e-05,100.27511809267912,10.441900568734397,54.0,100.6,10.0,4.0,2.97,0.0706,324,12.5,0.000926,33.6571840219218,3.4752873379383864,4.0,33.5,4.0,4.0,0,0,0,0,253.0,57.3,12.62,253.0,57.3,4.0,19.6,1.0,319,119.0,0.192,16,1,26,6,Layer 1 Up
144.94145926026724,4.0988287009781645,91.5,145,4.0,4.0,-4.23,0.0484,325,5.63,-2.85e-05,101.48080152815704,9.943289748117428,41.5,101.2,10.0,4.0,6.62,0.11,324,13.5,0.00146,33.61679269857675,3.921982019777827,4.0,33.5,4.0,4.0,0,0,0,0,258.0,57.2,-27.1,259.0,57.3,4.0,25.0,0.988,320,121.0,0.19,16,1,26,6,Layer 1 Up
145.44323374075682,4.215609100126718,97.7,145,4.0,4.0,-4.44,0.055,325,5.44,-1.56e-05,101.73157704865882,9.806564520495366,-27.3,101.8,10.0,4.0,6.87,0.115,324,14.5,0.00144,34.01349989530523,3.982448148192819,-2.25,33.5,4.0,4.0,0,0,0,0,263.0,57.3,-4.69,264.0,57.3,4.0,18.9,0.848,321,119.0,0.164,16,1,2,6,Layer 1 Up
145.06530067070557,4.469486754154285,79.0,145,4.0,4.0,-5.07,0.0537,325,4.34,0.0,101.96528403679606,10.133006977417908,-89.7,102.4,10.0,4.0,6.37,0.106,324,14.4,0.00138,33.760836401909955,4.31300467932397,4.0,33.5,4.0,4.0,0,0,0,0,269.0,57.3,1.31,269.0,57.3,4.000000954,22.1,0.955,320,120.0,0.185,16,1,26,6,Layer 1 Up
144.93403975964634,4.42858780287936,97.7,145,4.0,4.0,-3.43,0.0504,325,6.77,-2.27e-05,102.54948154106751,9.757897686009478,-21.0,103.0,10.0,4.0,7.52,0.098,324,12.3,0.00123,32.37446640652954,3.7258865410827418,4.0,33.5,4.0,4.0,0,0,0,0,274.0,57.3,-30.4,275.0,57.3,3.999999046,20.4,1.02,320,117.0,0.196,16,1,26,6,Layer 1 Up
144.56937598490487,4.127487471768552,97.7,145,4.0,4.0,-4.48,0.0473,325,5.5,-2.18e-05,103.12400613349854,10.093288681109271,54.0,103.6,10.0,4.0,6.02,0.125,324,15.0,0.00164,33.12844447945874,3.7005359847995556,4.0,33.5,4.0,4.0,0,0,0,0,279.0,57.5,57.8,280.0,57.3,4.0,13.9,0.744,320,118.0,0.14,16,1,26,6,Layer 1 Up
144.30366815000454,3.97816000793515,91.5,145,4.0,4.0,-5.07,0.0524,325,4.55,-2.3e-05,103.412299022913,9.710333411414934,41.5,104.0,10.0,4.0,8.9,0.154,324,14.7,0.00207,33.56543353301508,4.043269547491839,4.0,33.5,4.0,4.0,0,0,0,0,285.0,57.2,-16.9,285.0,57.3,4.0,24.1,1.04,319,120.0,0.201,16,1,26,6,Layer 1 Up
144.79779355425856,4.508535976921717,97.7,145,4.0,4.0,-4.43,0.0514,326,5.1,-3.1e-05,106.52461988775899,10.360724364151363,-8.5,105.0,9.94,-9.9,10.7,0.162,324,15.1,0.00203,33.40768632918766,4.44023504825761,4.0,33.5,4.0,4.0,0,0,0,0,290.0,57.3,-1.94,291.0,57.3,4.0,22.5,0.93,320,119.0,0.18,16,1,26,6,Layer 1 Up
144.97763725771065,4.427363953287323,104.0,145,4.0,4.0,-3.43,0.05,325,7.1,-1.5e-05,105.19880117457788,10.557165576363689,29.0,105.0,10.0,4.0,2.12,0.0544,324,12.1,0.000627,33.72612588693441,5.000621213950808,4.0,33.5,4.0,4.0,0,0,0,0,295.0,57.3,-9.6,296.0,57.3,4.000000954,18.3,0.805,321,119.0,0.154,16,1,26,6,Layer 1 Up
145.7351038662442,3.7530926967367906,135.0,145,4.0,4.0,-3.09,0.0519,326,7.08,-7.79e-06,106.59254514758302,9.372795958885554,35.3,106.0,10.0,4.0,3.59,0.0883,324,15.2,0.00111,33.87372739219673,3.34056802653612,4.0,33.5,4.0,4.0,0,0,0,0,301.0,57.2,-71.5,301.0,57.3,3.999999046,25.0,1.11,320,118.0,0.213,16,1,27,6,Layer 1 Up
145.05416804346837,4.132997507538497,129.0,145,4.0,4.0,-5.62,0.0538,325,4.26,-7.35e-06,105.67319140516632,9.400858832654308,10.25,107.0,10.0,4.0,4.69,0.105,324,15.8,0.00134,33.788072859307434,4.137943086212685,4.0,33.5,4.0,4.0,0,0,0,0,306.0,57.4,58.4,307.0,57.3,4.0,17.8,0.828,319,120.0,0.156,16,1,27,6,Layer 1 Up
145.40862231501086,4.498627314411394,-33.5,145,4.645,17.7,3.3,0.0537,325,7.24,6.06e-05,106.87574107512077,9.888109480839192,123.0,107.0,9.97,2.59,7.95,0.131,323,15.2,0.00169,33.3985510408076,3.5247065524316623,4.0,33.5,4.0,4.0,0,0,0,0,311.0,57.3,1.75,312.0,57.3,4.0,20.7,0.837,321,120.0,0.16,16,1,27,6,Layer 1 Up
145.79239328320338,5.928814861559857,-46.0,146,5.98,17.0,6.1,0.0967,325,9.34,0.000365,107.5231929720939,9.38046155832614,-2.25,108.0,9.66,-0.48,6.24,0.106,324,15.2,0.00127,32.62584754025089,4.4456683829911805,4.0,33.5,4.0,4.0,0,0,0,0,317.0,57.3,-0.69,317.0,57.3,4.0,22.3,1.02,319,118.0,0.197,16,1,2,6,Layer 1 Up
145.50730131478383,7.417381614995183,4.0,146,7.22,15.6,4.94,0.0735,325,9.61,0.000483,106.22809037149716,8.930801873939464,22.8,108.0,9.06,-3.32,4.95,0.0769,324,11.2,0.000845,33.28435136616017,3.589443448378184,4.0,33.5,4.0,4.0,0,0,0,0,322.0,57.3,17.4,323.0,57.3,4.000000954,19.6,0.884,320,121.0,0.169,16,1,29,6,Layer 1 Up
145.5987052100626,8.113409647740601,-58.5,146,8.28,13.67,4.81,0.0796,325,12.2,0.000668,108.07919439190987,8.915563000382026,16.5,109.0,8.2,-5.77,9.38,0.157,324,12.7,0.00147,33.69713044729357,3.7048821531073504,4.0,33.5,4.0,4.0,0,0,0,0,327.0,57.3,-32.7,328.0,57.3,3.999999046,16.7,0.938,320,118.0,0.181,16,1,29,6,Layer 1 Up
146.69845157330826,9.37194173504465,41.5,147,9.13,11.2,3.93,0.0832,325,13.9,0.000892,107.7901185698456,7.228926235539562,-52.3,109.0,7.12,-7.7,3.56,0.0621,324,10.5,0.00038,32.98372526667535,3.7422295909532055,4.0,33.5,4.0,4.0,0,0,0,0,333.0,57.3,14.6,333.0,57.3,4.0,19.7,0.985,318,120.0,0.189,16,1,29,6,Layer 1 Up
147.8850160390853,9.738842955314158,10.25,147,9.7,8.35,5.1,0.0913,325,14.0,0.00111,107.49666213825006,6.230290536639108,-14.8,109.0,5.87,-9.0,7.45,0.12,324,9.34,0.0005,33.7988784576107,3.966667566704495,4.0,33.5,4.0,4.0,0,0,0,0,338.0,57.3,-21.4,339.0,57.3,4.0,26.2,0.984,319,120.0,0.19,16,1,29,6,Layer 1 Up
147.65846806542422,9.522026967701144,-33.5,148,9.98,5.28,6.3,0.105,325,14.9,0.00131,108.20124394972699,4.355960988334887,-33.5,109.0,4.531,-9.7,2.76,0.0457,324,5.74,4.71e-05,33.93008087388332,4.116379427581981,-2.25,33.5,4.0,4.0,0,0,0,0,343.0,57.4,6.44,344.0,57.3,4.0,19.1,0.835,320,118.0,0.161,16,1,29,6,Layer 1 Up
148.3486431508037,9.803242302967577,-2.25,148,10.0,4.0,6.17,0.0996,325,13.7,0.00125,109.88535443160168,4.2036167596880105,-8.5,109.0,4.0,4.0,0.547,0.0254,324,2.69,0.0,33.56006545864703,4.211590144275962,4.0,33.5,4.0,4.0,0,0,0,0,349.0,57.3,7.63,349.0,57.3,4.000000954,22.2,0.952,320,120.0,0.184,16,1,29,6,Layer 1 Up
148.6245635901908,9.905579481170772,-33.5,149,10.0,4.0,5.75,0.0945,326,14.3,0.00115,108.9703071139566,3.8795840811488485,4.0,109.0,4.0,4.0,-0.31,0.0239,324,2.23,1.14e-06,32.04944644984316,3.997477046903195,4.0,33.5,4.0,4.0,0,0,0,0,354.0,57.3,-18.8,355.0,57.3,3.999999046,20.0,0.992,319,116.0,0.192,16,1,29,6,Layer 1 Up
150.387347325362,9.88981147275513,-33.5,150,10.0,4.0,6.12,0.0931,326,14.5,0.00115,109.86237325822766,3.910315219635348,4.0,109.0,4.0,4.0,-0.474,0.0184,324,2.0,-8.47e-07,32.89488615604189,3.418253002724952,4.0,33.5,4.0,4.0,0,0,0,0,359.0,57.5,63.4,360.0,57.3,4.0,12.2,0.73,320,119.0,0.138,16,1,29,6,Layer 1 Up
150.1600623086499,9.5160315347415,4.0,150,10.0,4.0,5.42,0.086,326,13.7,0.00108,109.27462446588409,4.193396494619169,4.0,109.0,4.0,4.0,0.963,0.0209,324,0.989,1.38e-06,34.39302054964673,4.318362482682476,4.0,33.5,4.0,4.0,0,0,0,0,365.0,57.2,-15.6,365.0,57.3,4.0,24.4,1.05,319,120.0,0.202,16,1,29,6,Layer 1 Up
150.93487008546867,9.883222105866187,4.0,151,10.0,4.0,4.65,0.0852,326,13.8,0.00107,109.52291705686282,3.4843839471220006,4.0,109.0,4.0,4.0,-0.518,0.0194,324,1.97,-8e-07,33.24124043809766,3.9768337833357754,4.0,33.5,4.0,4.0,0,0,0,0,370.0,57.3,-10.0,371.0,57.3,4.0,23.7,0.947,320,118.0,0.182,16,1,2,6,Layer 1 Up
150.98305097372364,9.816512837720184,-27.3,151,10.0,4.0,7.89,0.107,325,12.8,0.0013,108.39800767707052,4.505496889065075,4.0,109.0,4.0,4.0,1.6,0.0212,324,1.96,1.27e-06,32.560602875560534,4.508188802177741,4.0,33.5,4.0,4.0,0,0,0,0,375.0,57.3,-9.5,376.0,57.3,4.000000954,18.6,0.799,321,119.0,0.153,16,1,29,6,Layer 1 Up
151.72773979172928,9.717335414494725,-64.7,152,10.0,4.0,6.45,0.0921,326,14.6,0.00113,109.35011155954508,4.057730477319628,4.0,109.0,4.0,4.0,0.504,0.0206,324,2.12,1.31e-06,34.0848306871316,3.6904070312002153,4.0,33.5,4.0,4.0,0,0,0,0,381.0,57.2,-69.9,381.0,57.3,3.999999046,24.3,1.1,320,118.0,0.211,16,1,29,6,Layer 1 Up
153.185476470201,9.99748485149176,-14.8,153,10.0,4.0,4.99,0.072,326,12.7,0.000872,109.48693732669614,4.405448977367776,4.0,109.0,4.0,4.0,0.963,0.0224,325,0.65,1.12e-06,33.50632323521057,3.299101583725606,4.0,33.5,4.0,4.0,0,0,0,0,386.0,57.4,58.4,387.0,57.3,4.0,16.9,0.829,319,121.0,0.156,16,1,29,6,Layer 1 Up
152.81081822706506,10.193368538075063,10.25,153,10.0,4.0,4.63,0.0847,323,14.0,0.00104,108.6146759898501,3.6596043468767934,4.0,109.0,4.0,4.0,-0.177,0.0217,323,1.82,5.17e-06,34.0231365890849,3.9851156789871207,4.0,33.5,4.0,4.0,0,0,0,0,391.0,57.3,7.63,392.0,57.3,4.0,20.3,0.824,319,121.0,0.158,16,1,29,6,Layer 1 Up
153.49039408829722,9.58300973376292,-8.5,154,10.0,4.0,5.93,0.106,325,15.4,0.00135,109.37389291920789,3.7077965200098832,4.0,109.0,4.0,4.0,2.21,0.0204,324,4.99,-2.9e-06,33.63112671507621,4.566901025947472,4.0,33.5,4.0,4.0,0,0,0,0,397.0,57.3,0.75,397.0,57.3,4.0,22.5,1.01,318,119.0,0.196,16,1,29,6,Layer 1 Up
153.46863456266834,9.401692296005498,-46.0,154,10.0,4.0,6.0,0.0991,325,15.3,0.00125,109.37833479940008,3.6322312451847085,4.0,109.0,4.0,4.0,-0.147,0.0386,324,1.1,-2.01e-06,33.71710586661372,4.070402463909859,4.0,33.5,4.0,4.0,0,0,0,0,402.0,57.4,20.2,403.0,57.3,4.000000954,22.1,0.869,319,118.0,0.167,16,1,29,6,Layer 1 Up
155.07176192031713,9.89771008894716,-33.5,155,10.0,4.0,5.22,0.0915,325,15.8,0.00119,108.63278103857563,4.079225101861473,4.0,109.0,4.0,4.0,1.35,0.0188,324,2.09,0.0,33.671867554455154,3.8876565228614353,-2.25,33.5,4.0,4.0,0,0,0,0,407.0,57.3,-32.3,408.0,57.3,3.999999046,16.5,0.937,320,118.0,0.181,16,1,29,6,Layer 1 Up
156.65658490125847,10.074491603321311,4.0,156,10.0,4.0,5.88,0.105,325,13.0,0.00125,108.24974999342051,4.020885267369742,4.0,109.0,4.0,4.0,0.503,0.0158,324,1.5,-1.24e-06,33.83022742860037,3.6192757484892883,4.0,33.5,4.0,4.0,0,0,0,0,414.0,57.4,50.8,415.0,57.3,4.000000954,19.4,0.803,317,118.0,0.154,16,1,29,6,Layer 1 Up
156.06652438696867,10.275791578847837,-21.0,156,10.0,4.0,5.59,0.113,325,15.9,0.00141,108.20874842642243,3.8530027335350816,4.0,109.0,4.0,4.0,1.35,0.0187,324,1.43,2.22e-06,34.57825462877152,4.768916660573989,4.0,33.5,4.0,4.0,0,0,0,0,418.0,57.3,-18.6,419.0,57.3,4.0,26.3,0.979,319,119.0,0.188,16,1,29,6,Layer 1 Up
156.95067027740285,10.009783944829504,-77.2,157,10.0,4.0,6.3,0.102,325,15.2,0.00128,109.05780424665527,3.6790232436220176,4.0,109.0,4.0,4.0,1.05,0.0236,324,1.56,0.0,33.959725159544725,3.5496110524442765,4.0,33.5,4.0,4.0,0,0,0,0,423.0,57.4,4.937,424.0,57.3,4.0,18.0,0.838,320,119.0,0.163,16,1,2,6,Layer 1 Up
157.11884628382697,9.468634116595302,-58.5,157,10.0,4.0,6.1,0.088,325,12.9,0.00107,109.21851269519085,3.5990924828887385,4.0,109.0,4.0,4.0,0.459,0.0178,324,1.29,1.03e-06,32.75178475348087,3.6826838258962336,4.0,33.5,4.0,4.0,0,0,0,0,429.0,57.3,6.63,429.0,57.3,4.000000954,21.9,0.947,319,119.0,0.183,16,1,29,6,Layer 1 Up
158.54303449603742,10.031732089132932,16.5,158,10.0,4.0,5.13,0.0826,325,12.7,0.00108,108.47042284728936,3.9846537048765422,4.0,109.0,4.0,4.0,0.548,0.0215,324,2.25,1.29e-06,33.71147291090664,4.249355530882075,4.0,33.5,4.0,4.0,0,0,0,0,434.0,57.3,-23.6,435.0,57.3,3.999999046,19.5,0.984,319,117.0,0.19,16,1,29,6,Layer 1 Up
159.0912190713558,9.895397431669322,-27.3,159,10.0,4.0,6.22,0.115,325,15.0,0.00143,109.01776470724643,3.8526308309400283,4.0,109.0,4.0,4.0,1.05,0.0228,324,1.85,-2.43e-06,34.04043666740352,3.1881030513007724,4.0,33.5,4.0,4.0,0,0,0,0,439.0,57.5,64.4,440.0,57.3,4.0,12.3,0.741,319,119.0,0.141,16,1,29,6,Layer 1 Up
158.82913678092632,9.832175059502534,-58.5,159,10.0,4.0,6.88,0.102,325,14.6,0.00125,109.3812410491903,3.782989257438062,4.0,109.0,4.0,4.0,0.711,0.0223,324,1.43,-1.74e-06,34.06942143392218,4.557556431187601,4.0,33.5,4.0,4.0,0,0,0,0,445.0,57.2,-21.5,445.0,57.3,4.0,24.4,1.06,318,120.0,0.205,16,1,29,6,Layer 1 Up
160.45999397470493,10.188444001182157,-33.5,160,10.0,4.0,4.67,0.0841,325,14.1,0.00102,109.41308392221796,4.489690218940693,4.0,109.0,4.0,4.0,0.8,0.0197,324,1.78,0.0,33.29802289991683,4.273046786382026,4.0,33.5,4.0,4.0,0,0,0,0,450.0,57.3,-2.19,451.0,57.3,4.0,22.2,0.946,319,119.0,0.182,16,1,29,6,Layer 1 Up
160.1782765895691,9.830577271109156,-2.25,160,10.0,4.0,4.34,0.0794,325,14.1,0.000987,110.03698860501224,3.9739419860712495,4.0,109.0,4.0,4.0,-0.089,0.0194,324,2.01,0.0,34.051545598717254,4.39335928061422,4.0,33.5,4.0,4.0,0,0,0,0,455.0,57.3,-11.3,456.0,57.3,4.000000954,18.3,0.804,321,120.0,0.155,16,1,29,6,Layer 1 Up
161.6385661324311,9.919079836401368,16.5,161,10.0,4.0,6.01,0.105,325,14.4,0.00134,109.85329694906066,4.401998467414993,4.0,109.0,4.0,4.0,-0.221,0.0184,324,1.37,0.0,33.9392417503937,4.24414248261785,-2.25,33.5,4.0,4.0,0,0,0,0,461.0,57.2,-69.1,461.0,57.3,3.999999046,24.6,1.13,319,118.0,0.216,16,1,29,6,Layer 1 Up
162.07618873474354,9.923487982021527,-64.7,162,10.0,4.0,6.13,0.102,325,15.1,0.00127,108.3309226707647,3.8312131389752864,4.0,109.0,4.0,4.0,0.875,0.0204,324,0.431,3.18e-06,34.71796423498539,3.929518192927853,4.0,33.5,4.0,4.0,0,0,0,0,466.0,57.4,55.7,467.0,57.3,4.0,18.7,0.829,318,119.0,0.156,16,1,29,6,Layer 1 Up
161.49086674058736,10.092576497430711,-77.2,162,10.0,4.0,5.2,0.0746,325,13.4,0.00087,110.12499650727459,4.077477452390014,4.0,109.0,4.0,4.0,0.756,0.0175,324,1.69,-1.09e-06,33.14490997114342,3.5349366531892716,4.0,33.5,4.0,4.0,0,0,0,0,471.0,57.4,11.0,472.0,57.3,4.0,18.8,0.824,320,122.0,0.158,16,1,29,6,Layer 1 Up
162.43112048205205,9.943285495279685,35.3,163,10.0,4.0,3.29,0.083,325,14.5,0.00107,108.64519386670793,3.9824405357349764,4.0,109.0,4.0,4.0,0.371,0.0234,324,0.986,1.45e-06,33.25977004237738,3.9387254549812263,4.0,33.5,4.0,4.0,0,0,0,0,477.0,57.3,1.31,477.0,57.3,4.0,22.3,1.0,319,118.0,0.194,16,1,29,6,Layer 1 Up
163.68645453451055,9.928595265359725,35.3,163,10.0,4.0,5.02,0.0931,325,15.0,0.00119,109.69819903364495,3.462662601046327,4.0,109.0,4.0,4.0,1.35,0.0206,324,2.34,-3e-06,33.3550672398508,3.5733930176064206,4.0,33.5,4.0,4.0,0,0,0,0,482.0,57.4,28.0,483.0,57.3,4.000000954,21.2,0.871,319,120.0,0.167,16,1,2,6,Layer 1 Up
164.71669884972687,8.955636797686635,-46.0,164,9.93,1.96,7.04,0.112,325,13.7,0.00132,109.04542964085566,3.5521026767912844,-2.25,109.0,3.083,-9.6,-6.23,0.106,324,7.72,0.000152,33.26790320743241,4.212663584514792,4.0,33.5,4.0,4.0,0,0,0,0,487.0,57.3,-31.7,488.0,57.3,3.999999046,16.5,0.936,320,118.0,0.181,16,1,29,6,Layer 1 Up
163.92535605244558,9.53741871047028,-14.8,164,9.57,-1.07,4.63,0.0704,325,11.9,0.000818,108.724595860543,1.957220703772078,35.3,109.0,1.76,-8.8,-3.13,0.0495,324,7.29,0.000215,33.078617650543954,4.352917446590554,4.0,33.5,4.0,4.0,0,0,0,0,493.0,57.3,11.81,493.0,57.3,4.0,19.9,1.0,318,119.0,0.192,16,1,31,6,Layer 1 Up
164.8406710135401,8.815930479413835,-46.0,165,8.91,-3.84,4.74,0.083,326,12.8,0.000855,107.79207097210895,0.8162589266295954,-14.8,109.0,0.55,-7.3,-6.68,0.113,324,10.8,0.000871,32.192004994631105,4.646014577324374,4.0,33.5,4.0,4.0,0,0,0,0,498.0,57.3,-21.7,499.0,57.3,4.0,23.5,0.978,319,121.0,0.188,16,1,31,6,Layer 1 Up
165.6076673861762,7.580453022070993,-27.3,165,8.0,-6.2,5.94,0.11,325,12.5,0.000934,107.88535812798168,-0.30803478276664,29.0,108.0,-0.47,-5.21,-6.0,0.0804,324,11.3,0.000685,33.29419054489076,4.162625888081233,4.0,33.5,4.0,4.0,0,0,0,0,503.0,57.4,9.13,504.0,57.3,4.0,20.7,0.83,320,117.0,0.161,16,1,31,6,Layer 1 Up
165.53969127694023,7.098655720750092,-46.0,166,6.88,-8.0,3.47,0.0688,325,9.7,0.000424,106.95799770556285,-1.4521771248725757,41.5,108.0,-1.26,-2.66,-4.68,0.0703,324,11.3,0.000765,33.67487341393806,4.4044458744196,4.0,33.5,4.0,4.0,0,0,0,0,509.0,57.3,6.38,509.0,57.3,4.000000954,22.0,0.97,319,120.0,0.187,16,1,31,6,Layer 1 Up
165.62797320990188,5.433563613448567,-102.0,166,5.61,-9.2,4.7,0.082,326,9.13,0.000272,107.6463632546094,-1.9743791653458451,10.25,107.0,-1.78,0.25,-8.1,0.143,324,15.8,0.00169,33.266482994786884,3.870017124920142,4.0,33.5,4.0,4.0,0,0,0,0,514.0,57.3,-20.0,515.0,57.3,3.999999046,18.5,1.0,319,119.0,0.195,16,1,31,6,Layer 1 Up
166.2674947747656,3.461258363968289,-134.0,166,4.256,-9.7,3.33,0.0801,326,7.53,5.61e-05,108.01354265785393,-1.4287774023025832,-2.25,107.0,-1.99,3.35,-7.98,0.131,324,15.2,0.0016,34.416310625819825,3.790782639925669,4.0,33.5,4.0,4.0,0,0,0,0,519.0,57.5,65.4,520.0,57.3,4.0,15.6,0.755,319,115.0,0.143,16,1,31,6,Layer 1 Up
165.83592350057222,3.838314772249714,-102.0,166,4.0,4.0,3.87,0.0581,326,4.88,-8.54e-06,105.4674926211153,-2.031431615365314,60.3,106.0,-2.0,4.0,-3.74,0.0642,324,12.1,0.000747,33.50633280897057,4.207202842583728,4.0,33.5,4.0,4.0,0,0,0,0,525.0,57.2,-25.9,525.0,57.3,4.0,24.7,1.05,319,121.0,0.203,16,1,31,6,Layer 1 Up
165.99787033185004,3.5522646988171407,-89.7,166,4.0,4.0,2.21,0.0525,326,7.05,-7.67e-06,106.20178119107219,-2.0638189235628825,-33.5,106.0,-2.0,4.0,-4.12,0.091,324,13.9,0.00118,34.11124064425914,3.8309414610388735,4.0,33.5,4.0,4.0,0,0,0,0,530.0,57.3,-7.4,531.0,57.3,4.0,20.8,0.957,319,120.0,0.185,16,1,31,6,Layer 1 Up
165.93204057146573,3.96769210523853,-83.5,166,4.0,4.0,3.06,0.0539,325,5.66,0.0,104.51528295727161,-1.5201027650180563,-14.8,105.0,-2.0,4.0,-6.96,0.127,324,14.7,0.00163,33.62377008933913,4.117752523866369,4.0,33.5,4.0,4.0,0,0,0,0,535.0,57.3,-7.4,536.0,57.3,4.000000954,21.5,0.813,321,117.0,0.155,16,1,2,6,Layer 1 Up
166.1403632316313,3.448400841876474,-83.5,166,4.0,4.0,2.49,0.0523,326,6.23,-1.46e-05,104.5800374686644,-1.4539907756308825,210.0,105.0,-2.0,4.0,-8.48,0.127,324,16.3,0.00154,33.89126442158002,3.5357925128747167,4.0,33.5,4.0,4.0,0,0,0,0,541.0,57.1,-82.6,541.0,57.3,3.999999046,25.1,1.12,320,119.0,0.213,16,1,31,6,Layer 1 Up
166.58522984987863,3.808815716463963,-89.7,166,4.0,4.0,3.05,0.0511,326,5.32,-2.21e-05,104.5175284947186,-1.5777510819866563,-39.8,104.0,-2.0,4.0,-8.56,0.146,324,15.2,0.00184,33.63220754919875,3.6143411389800075,4.0,33.5,4.0,4.0,0,0,0,0,546.0,57.5,66.7,547.0,57.3,4.0,15.6,0.839,318,121.0,0.158,16,1,32,6,Layer 1 Up
166.03766513297577,-1.833191455684947,72.7,166,-2.0,4.0,-5.86,0.102,325,14.7,0.00126,103.77424817943705,3.5499898473322573,-14.8,103.8,4.0,4.0,3.0,0.0227,324,2.44,-1.82e-06,34.14805419901059,4.277953190652916,4.0,33.5,4.0,4.0,0,0,0,0,551.0,57.3,12.19,552.0,57.3,4.0,22.4,0.816,320,118.0,0.156,16,1,32,6,Layer 1 Up
165.2677492432966,-1.79095073246587,72.7,165,-2.0,4.0,-5.64,0.0899,326,14.6,0.0011,104.96245782958539,3.729801192237168,-21.0,103.8,4.0,4.0,1.55,0.0239,324,2.48,-5.41e-06,33.526484612625154,4.387873352159673,4.0,33.5,4.0,4.0,0,0,0,0,557.0,57.3,-3.06,557.0,57.3,4.0,22.1,1.01,319,119.0,0.195,16,1,34,6,Layer 1 Down
164.14754005441188,-2.0333647898950806,22.8,165,-2.0,4.0,-4.72,0.0841,326,13.9,0.00108,103.47776532549288,3.6322457876405325,-21.0,103.8,4.0,4.0,1.35,0.0282,325,2.08,-5.79e-06,33.73488947830011,3.5688349594317126,4.0,33.5,4.0,4.0,0,0,0,0,562.0,57.4,25.8,563.0,57.3,4.000000954,19.1,0.873,319,121.0,0.167,16,1,34,6,Layer 1 Down
163.97974292683156,-2.1449654951513564,-33.5,164,-2.0,4.0,-4.79,0.0932,326,14.3,0.00121,104.46777090312168,4.180281529873988,-21.0,103.8,4.0,4.0,2.09,0.0256,324,2.18,2.43e-06,33.67344116112527,4.293353255931328,4.0,33.5,4.0,4.0,0,0,0,0,567.0,57.3,-33.3,568.0,57.3,3.999999046,21.5,0.949,320,114.0,0.184,16,1,34,6,Layer 1 Down
162.64938551745456,-2.2313463330029144,41.5,163,-2.0,4.0,-6.25,0.112,326,15.0,0.00136,103.86509304288568,4.0040153542942045,-21.0,103.8,4.0,4.0,1.55,0.0319,325,2.57,1.96e-06,33.36351059377889,3.766960320131479,4.0,33.5,4.0,4.0,0,0,0,0,573.0,57.3,5.31,573.0,57.3,4.0,20.2,0.999,318,119.0,0.19,16,1,34,6,Layer 1 Down
162.49321848899987,2.3960063705531067,35.3,163,2.73,-4.87,-6.11,0.102,326,8.14,0.000262,104.53175030566082,9.109870101782597,-152.0,104.0,9.86,2.11,5.06,0.074,324,13.9,0.000833,33.69173980054057,4.007220017679648,4.0,33.5,4.0,4.0,0,0,0,0,578.0,57.3,-19.3,579.0,57.3,4.0,23.1,0.978,319,122.0,0.188,16,1,34,6,Layer 1 Down
162.63486493716616,1.9284579976880458,66.5,163,1.86,-4.49,-4.22,0.0689,326,8.84,0.000262,104.70120282534548,9.72025801621575,29.0,105.0,9.61,0.79,3.72,0.078,324,13.2,0.000967,34.557875253206326,4.619827598865294,4.0,33.5,4.0,4.0,0,0,0,0,583.0,57.4,7.31,584.0,57.3,4.0,21.0,0.824,320,115.0,0.159,16,1,34,6,Layer 1 Down
162.86107173639897,1.2475674265459678,10.25,163,1.04,-3.91,-7.23,0.112,326,10.1,0.000661,104.96688407232475,8.827078295496944,-64.7,105.0,9.22,-0.45,4.42,0.0718,324,12.5,0.000776,33.37197995240429,4.3532268928838285,4.0,33.5,4.0,4.0,0,0,0,0,589.0,57.3,12.12,589.0,57.3,4.000000954,21.9,0.945,319,119.0,0.182,16,1,2,6,Layer 1 Down
162.38083155605725,0.22130089957673665,-14.8,162,0.29,-3.14,-5.07,0.108,326,12.1,0.000799,105.92282198852111,8.733174720974876,-2.25,106.0,8.71,-1.59,6.2,0.102,324,12.8,0.00105,33.698596608126024,4.348145924316081,4.0,33.5,4.0,4.0,0,0,0,0,594.0,57.3,-20.9,595.0,57.3,3.999999046,17.7,0.987,319,120.0,0.191,16,1,34,6,Layer 1 Down
161.44848695218118,0.0036830030958869553,22.8,162,-0.38,-2.22,-7.97,0.101,326,10.1,0.000878,105.44133461728599,7.376035658459043,-52.3,106.0,8.1,-2.6,6.23,0.102,324,11.8,0.000855,34.09549830670184,4.83498049142558,4.0,33.5,4.0,4.0,0,0,0,0,599.0,57.5,69.4,600.0,57.3,4.0,15.2,0.747,319,114.0,0.141,16,1,34,6,Layer 1 Down
162.0127365505058,-1.0520332025981345,-2.25,162,-0.95,-1.16,-5.16,0.0893,326,12.1,0.00094,107.44241239902996,7.837386342767337,4.0,107.0,7.4,-3.46,2.43,0.047,324,7.7,0.000309,34.03985551081465,3.6920953024044083,4.0,33.5,4.0,4.0,0,0,0,0,605.0,57.2,-23.1,605.0,57.3,4.0,24.5,1.04,319,120.0,0.199,16,1,34,6,Layer 1 Down
160.79868273078762,-1.733514159988851,-14.8,161,-1.4,0.03,-3.78,0.0816,326,14.2,0.000962,107.43450573305371,6.869634063028129,-39.8,107.0,6.61,-4.15,3.3,0.0558,324,7.3,0.000319,33.50554716463308,3.568739245011219,4.0,33.5,4.0,4.0,0,0,0,0,610.0,57.3,-5.44,611.0,57.3,4.0,21.6,0.938,319,119.0,0.181,16,1,34,6,Layer 1 Down
159.86375378532856,-1.651702795080236,79.0,160,-1.73,1.3,-6.08,0.0912,325,13.8,0.0011,107.39662177966427,6.303910584235668,-33.5,107.0,5.77,-4.66,5.79,0.0673,324,5.42,0.000229,32.37157919454583,3.684115122756464,4.0,33.5,4.0,4.0,0,0,0,0,615.0,57.3,1.44,616.0,57.3,4.000000954,21.6,0.795,320,116.0,0.152,16,1,34,6,Layer 1 Down
160.4169459143295,-1.863643919790656,4.0,160,-1.93,2.63,-4.38,0.0955,325,14.8,0.00119,108.0270225442942,5.1933718430574345,-33.5,107.0,4.885,-4.97,4.95,0.0652,324,8.81,0.000145,33.7446341253847,3.8886711609264584,4.0,33.5,4.0,4.0,0,0,0,0,621.0,57.2,-70.5,621.0,57.3,3.999999046,23.8,1.1,319,119.0,0.21,16,1,34,6,Layer 1 Down
159.22374797506893,-1.7545510843685388,60.3,159,2.91,941.0,-5.52,0.0935,325,14.6,0.00112,107.96847303095625,3.891137688618974,-27.3,107.0,4.000573,-0.1,5.25,0.0797,324,5.67,-1.27e-05,32.449184861247105,2.9700263204403807,4.0,33.5,4.0,4.0,0,0,0,0,626.0,57.4,62.1,627.0,57.3,4.0,16.0,0.832,318,120.0,0.156,16,1,34,6,Layer 1 Down
159.5560890801933,-1.2981450160470187,29.0,159,-2.0,4.0,-6.91,0.102,325,14.2,0.00126,106.74945656829942,4.108938430307668,-64.7,107.0,4.0,4.0,4.0,0.0621,324,5.32,-9.4e-06,34.19594512722479,3.909262675052144,4.0,33.5,4.0,4.0,0,0,0,0,631.0,57.4,13.94,632.0,57.3,4.0,21.5,0.82,319,118.0,0.157,16,1,34,6,Layer 1 Down
157.9357566602042,-2.1465210040967047,54.0,158,-2.0,4.0,-6.67,0.102,326,12.3,0.00125,107.24927892191769,3.4076065004637237,-71.0,107.0,4.0,4.0,4.04,0.0617,324,5.29,9.36e-06,33.58023778999961,3.7617831967146054,4.0,33.5,4.0,4.0,0,0,0,0,637.0,57.3,-3.25,637.0,57.3,4.0,22.1,0.993,318,119.0,0.191,16,1,35,6,Layer 1 Down
157.71062760995582,-1.8715875298666838,54.0,158,-2.0,4.0,-6.37,0.105,326,15.4,0.0013,106.58330105498902,3.545354777958258,-71.0,107.0,4.0,4.0,3.31,0.0651,325,6.28,-1.81e-05,33.97329793973423,4.342847559367619,4.0,33.5,4.0,4.0,0,0,0,0,643.0,57.4,-0.5,643.0,57.3,4.0,18.7,0.762,320,120.0,0.147,16,1,2,6,Layer 1 Down
156.9069196801764,-1.8248076893377263,16.5,157,-2.0,4.0,-6.71,0.113,325,13.2,0.00149,107.01560635796748,3.9554474488597484,-64.7,107.0,4.0,4.0,4.22,0.0633,324,4.69,-9.52e-06,33.072893428632796,4.154162192285788,4.0,33.5,4.0,4.0,0,0,0,0,647.0,57.3,-38.1,648.0,57.3,3.999999046,20.1,0.951,320,115.0,0.183,16,1,35,6,Layer 1 Down
156.1008299749023,-1.7868815057374394,85.2,156,-2.0,4.0,-6.28,0.105,326,14.3,0.00128,106.59923879651893,3.1918632071035864,-52.3,107.0,4.0,4.0,3.87,0.0603,324,5.13,0.0,32.76496180361974,3.737231507257827,4.0,33.5,4.0,4.0,0,0,0,0,653.0,57.3,5.75,653.0,57.3,4.0,19.3,0.999,318,120.0,0.192,16,1,35,6,Layer 1 Down
156.07341906343572,-2.097078198546634,54.0,156,-2.0,4.0,-6.08,0.1,325,12.9,0.00129,108.0825542695657,3.8382377373297376,-71.0,107.0,4.0,4.0,4.09,0.064,324,4.81,0.0,33.62345475658804,4.258072236377588,4.0,33.5,4.0,4.0,0,0,0,0,658.0,57.3,-14.3,659.0,57.3,4.0,22.9,0.954,319,122.0,0.183,16,1,35,6,Layer 1 Down
154.54911229326183,-2.5851611970280453,-14.8,155,-2.0,4.0,-6.84,0.109,326,11.5,0.00135,107.24302833233016,3.5520626654933394,-52.3,107.0,4.0,4.0,3.25,0.062,325,5.92,0.0,33.484090374879145,4.316383903788057,4.0,33.5,4.0,4.0,0,0,0,0,663.0,57.4,8.88,664.0,57.3,4.0,20.4,0.82,319,116.0,0.158,16,1,35,6,Layer 1 Down
155.0376255799618,-2.1500797110590244,66.5,155,-2.0,4.0,-7.45,0.0867,326,10.9,0.0011,106.85430980236592,3.9070660662895995,-58.5,107.0,4.0,4.0,3.65,0.0568,324,5.5,-8.72e-06,33.267278877223156,3.6638076369152195,4.0,33.5,4.0,4.0,0,0,0,0,669.0,57.3,4.562,670.0,57.3,4.0,24.1,0.922,319,117.0,0.178,16,1,35,6,Layer 1 Down
154.0948971599965,-2.1154464493608027,29.0,154,-2.0,4.0,-6.32,0.111,326,14.6,0.00135,107.79759308834264,3.5338710880246955,-52.3,107.0,4.0,4.0,5.34,0.0631,324,6.5,9.44e-06,33.54008307603233,3.784331666796177,4.0,33.5,4.0,4.0,0,0,0,0,674.0,57.3,-18.4,675.0,57.3,3.999999046,17.8,0.99,319,119.0,0.191,16,1,35,6,Layer 1 Down
154.04676372289742,-2.457265272529741,72.7,153,-2.0,4.0,-6.13,0.0925,326,14.2,0.00121,105.54956357992127,3.9842845162984575,-64.7,107.0,4.0,4.0,4.13,0.0616,325,5.06,1.88e-05,34.81024882112387,3.026538016953547,4.0,33.5,4.0,4.0,0,0,0,0,679.0,57.5,69.4,680.0,57.3,4.0,15.1,0.749,319,114.0,0.141,16,1,35,6,Layer 1 Down
153.7803905118043,-2.3037650194909927,16.5,153,-2.0,4.0,-4.97,0.0876,326,13.6,0.0011,105.65414769277666,3.8811175842846097,-52.3,107.0,4.0,4.0,4.0,0.0624,324,4.88,9.46e-06,33.89510801958816,3.522902136768307,4.0,33.5,4.0,4.0,0,0,0,0,685.0,57.2,-21.3,685.0,57.3,4.0,24.3,1.04,318,120.0,0.201,16,1,35,6,Layer 1 Down
151.64522208656288,2.8173715905277716,242.0,152,-2.0,-121.0,-13.2,0.254,326,14.6,0.00198,107.53179082983938,4.318248757477734,-58.5,107.0,3.9365,-5.29,3.16,0.0605,324,5.66,1.87e-05,33.99688750336101,3.6752144122667465,4.0,33.5,4.0,4.0,0,0,0,0,690.0,57.3,-1.38,691.0,57.3,4.0,19.6,0.93,319,121.0,0.179,16,1,35,6,Layer 1 Down
151.88050622451357,-1.5784874927018808,29.0,152,-1.92,5.43,-6.18,0.106,325,14.2,0.00131,107.04040588628426,3.1771316384787363,29.0,107.0,3.033,-4.96,-6.04,0.0965,324,7.35,0.000185,33.89956384191025,4.0324432226489835,4.0,33.5,4.0,4.0,0,0,0,0,695.0,57.3,1.12,696.0,57.3,4.000000954,21.2,0.796,320,116.0,0.152,16,1,2,6,Layer 1 Down
150.39150196774702,-1.4234033158478752,97.7,151,-1.71,6.77,-4.43,0.0743,325,14.3,0.000887,107.1673518180756,2.0867064692618893,16.5,107.0,2.15,-4.64,-6.12,0.103,324,9.29,0.000429,34.20045471891897,3.586452178627302,4.0,33.5,4.0,4.0,0,0,0,0,701.0,57.2,-70.9,701.0,57.3,3.999999046,24.3,1.1,319,119.0,0.211,16,1,37,6,Layer 1 Down
150.7543844886346,-1.4855535734778968,41.5,151,-1.37,8.04,-5.82,0.105,326,14.2,0.00116,106.11368305641714,1.321854818433471,-8.5,107.0,1.31,-4.12,-7.99,0.136,324,11.5,0.000794,33.41001013390617,3.775395768021231,4.0,33.5,4.0,4.0,0,0,0,0,706.0,57.5,64.1,707.0,57.3,4.0,17.4,0.84,318,119.0,0.158,16,1,37,6,Layer 1 Down
150.13122831202935,-0.856453397664792,29.0,150,-0.9,9.22,-7.19,0.112,325,12.1,0.00117,106.98447490041816,0.27451755605352646,16.5,106.0,0.54,-3.42,-8.2,0.143,324,13.2,0.00101,32.527168582721735,3.4639918364352185,4.0,33.5,4.0,4.0,0,0,0,0,711.0,57.4,13.81,712.0,57.3,4.0,21.2,0.813,319,118.0,0.155,16,1,37,6,Layer 1 Down
150.50139298624376,-0.9259390263736221,54.0,150,-0.32,10.27,-4.0,0.0945,326,12.7,0.000852,107.3387737890843,-0.25144800416557156,4.0,106.0,-0.16,-2.55,-4.2,0.0857,324,10.9,0.000775,33.41071346615008,4.074851995376216,4.0,33.5,4.0,4.0,0,0,0,0,717.0,57.3,-3.0,717.0,57.3,4.0,21.6,1.01,318,119.0,0.195,16,1,37,6,Layer 1 Down
148.6968475142455,0.2547662925823081,54.0,149,0.41,11.26,-3.68,0.0673,326,9.86,0.00051,106.55074203406657,-0.26329852031857487,16.5,106.0,-0.81,-1.45,-6.18,0.102,325,13.3,0.000938,33.88431811921975,4.186224422089442,4.0,33.5,4.0,4.0,0,0,0,0,723.0,57.4,3.188,723.0,57.3,4.0,18.4,0.768,320,120.0,0.148,16,1,37,6,Layer 1 Down
148.7280064252038,1.2172181625420806,66.5,149,1.11,11.94,-5.04,0.0773,326,8.2,0.000514,105.11340035304737,-0.7684413644753217,-39.8,105.0,-1.26,-0.39,-4.91,0.115,324,14.6,0.00132,33.04084579589236,4.176010537180101,4.0,33.5,4.0,4.0,0,0,0,0,727.0,57.3,-31.9,728.0,57.3,3.999999046,20.2,0.945,319,114.0,0.182,16,1,37,6,Layer 1 Down
148.10715891191163,2.2123611283160605,47.8,149,1.94,12.51,-5.92,0.0957,326,8.7,0.000444,104.70661786573504,-1.7468257202404447,-39.8,105.0,-1.64,0.86,-8.53,0.148,324,15.0,0.00175,33.416499139372895,4.00540724859967,4.0,33.5,4.0,4.0,0,0,0,0,733.0,57.3,10.88,733.0,57.3,4.0,19.0,1.01,318,120.0,0.193,16,1,37,6,Layer 1 Down
147.93236363829797,2.7705116282851043,104.0,148,2.81,12.89,-4.51,0.0822,326,7.51,0.000205,103.73634074827672,-1.6347632826605443,16.5,104.0,-1.88,2.18,-7.59,0.115,324,14.2,0.00136,33.17248004086832,3.3258736444050228,4.0,33.5,4.0,4.0,0,0,0,0,738.0,57.3,-15.9,739.0,57.3,4.0,23.6,0.96,318,122.0,0.185,16,1,37,6,Layer 1 Down
147.55824892394625,4.209027787463411,129.0,148,3.711,13.06,-5.35,0.0812,326,4.56,7e-05,102.07723936257251,-2.0322411181877396,104.0,103.4,-1.99,3.536,-4.39,0.055,324,12.2,0.000615,34.21113916755478,3.7288077170733405,4.0,33.5,4.0,4.0,0,0,0,0,743.0,57.4,13.75,744.0,57.3,4.0,20.4,0.827,319,116.0,0.159,16,1,37,6,Layer 1 Down
147.7798595029082,3.70470004602482,72.7,148,4.0,4.0,-4.11,0.0586,326,2.48,-7.5e-06,103.17215903291854,-2.002861023438929,22.8,102.9,-2.0,4.0,-6.95,0.0935,324,11.1,0.00124,33.8548321295343,3.8218279320688042,4.0,33.5,4.0,4.0,0,0,0,0,749.0,57.3,10.25,749.0,57.3,4.000000954,21.4,0.964,318,120.0,0.186,16,1,2,6,Layer 1 Down
147.63540197875622,3.7834554577673467,79.0,148,4.0,4.0,-3.8,0.0528,326,2.94,2.16e-05,102.96496396716314,-2.0991859662466794,16.5,102.3,-2.0,4.0,-5.21,0.089,324,12.5,0.00108,33.80847338959898,3.8235826595203912,4.0,33.5,4.0,4.0,0,0,0,0,754.0,57.3,-21.4,755.0,57.3,3.999999046,19.5,1.01,318,117.0,0.195,16,1,37,6,Layer 1 Down
147.96080570415103,4.333493818315623,66.5,148,4.0,4.0,-3.15,0.055,326,2.94,-5.98e-06,100.74714851557992,-2.3168943939496844,-39.8,101.7,-2.0,4.0,-1.36,0.112,324,20.1,0.00149,33.79429855631731,4.032799754026133,4.0,33.5,4.0,4.0,0,0,0,0,759.0,57.5,63.9,760.0,57.3,4.0,15.2,0.756,318,115.0,0.143,16,1,37,6,Layer 1 Down
147.26913791866497,4.590964024815215,47.8,148,4.0,4.0,1.9,0.0578,326,9.32,2.14e-05,100.7580317244926,-1.7861522905797511,-33.5,101.1,-2.0,4.0,-7.56,0.14,324,14.6,0.00183,33.48236425660855,4.623588248115454,4.0,33.5,4.0,4.0,0,0,0,0,765.0,57.2,-19.0,765.0,57.3,4.0,23.5,1.05,318,121.0,0.203,16,1,37,6,Layer 1 Down
147.39000374191397,4.269966954372019,60.3,148,4.0,4.0,-3.16,0.0493,326,2.59,0.0,99.82656549383724,-2.195288527899604,10.25,100.5,-2.0,4.0,-9.08,0.142,324,14.5,0.00183,33.59353347155485,4.35524304266729,4.0,33.5,4.0,4.0,0,0,0,0,770.0,57.3,0.5,771.0,57.3,4.0,20.8,0.924,318,120.0,0.179,16,1,37,6,Layer 1 Down
148.8853392729081,3.863147681852849,-58.5,148,4.0,4.0,-1.05,0.0379,326,2.29,-9.51e-06,99.2549384544132,-1.6178527132695217,16.5,99.9,-2.0,4.0,-9.45,0.16,324,16.5,0.00207,32.938871663142194,3.568020617111604,4.0,33.5,4.0,4.0,0,0,0,0,776.0,57.3,-17.9,776.0,57.3,4.0,22.6,0.905,323,120.0,0.174,16,1,37,6,Layer 1 Down
147.46469070424388,3.3050699799750065,-39.8,148,4.207,13.07,-0.752,0.0225,326,0.57,-4.57e-06,99.53573719185697,-2.14955276070814,-377.0,99.4,-2.0,4.286,-6.6,0.0913,324,15.4,0.00102,32.464824069326525,4.296760282599929,4.0,33.5,4.0,4.0,0,0,0,0,781.0,57.4,58.9,781.0,57.3,4.000000954,20.2,0.875,323,119.0,0.168,16,1,37,6,Layer 1 Down
147.5439574199351,4.205818842080966,-77.2,148,5.07,12.93,3.55,0.0672,325,6.25,0.000112,97.50717251612491,-1.8038077526619898,72.7,98.9,-1.9,5.59,-7.23,0.111,324,13.2,0.00135,33.57105625271164,4.280093611771328,4.0,33.5,4.0,4.0,0,0,0,0,786.0,57.5,62.8,787.0,57.3,4.0,17.7,0.84,316,119.0,0.158,16,1,38,6,Layer 1 Down
149.76378719894558,5.788019639747198,-21.0,149,5.95,12.59,7.73,0.121,325,6.98,0.000536,98.71046433723365,-2.0496848559487226,16.5,98.3,-1.67,6.92,-5.92,0.102,324,12.0,0.00117,33.65339392415861,3.6473941668317336,4.0,33.5,4.0,4.0,0,0,0,0,791.0,57.4,20.3,792.0,57.3,4.0,20.3,0.808,318,119.0,0.155,16,1,38,6,Layer 1 Down
150.207924641924,6.814803628615331,47.8,149,6.81,12.03,4.0,0.0806,326,9.26,0.000501,98.30373679462446,-0.6619025649635917,-21.0,97.7,-1.3,8.23,-7.59,0.147,324,14.7,0.00169,34.07252906192623,4.371327569890671,4.0,33.5,4.0,4.0,0,0,0,0,797.0,57.3,-1.19,797.0,57.3,4.0,24.9,0.94,322,120.0,0.181,16,1,38,6,Layer 1 Down
148.51286351806317,7.225113162030469,41.5,149,7.55,11.33,6.4,0.108,325,10.6,0.000818,97.13220964099804,-1.208602458774834,66.5,97.2,-0.84,9.35,-2.35,0.0442,324,10.0,0.000381,34.24395251811948,3.9298449084775298,4.0,33.5,4.0,4.0,0,0,0,0,802.0,57.4,23.8,803.0,57.3,4.000000954,20.1,0.868,317,121.0,0.167,16,1,2,6,Layer 1 Down
148.84688237367558,8.069253025508218,-27.3,150,8.24,10.44,4.33,0.0857,325,12.6,0.000708,95.14235491269274,-0.25569714036118274,-8.5,96.8,-0.25,10.39,-8.12,0.146,324,12.3,0.00131,34.24331935567458,3.383230508911849,4.0,33.5,4.0,4.0,0,0,0,0,807.0,57.3,-32.5,808.0,57.3,3.999999046,19.8,0.936,319,115.0,0.181,16,1,38,6,Layer 1 Down
150.14201852918768,8.91382481091615,-21.0,150,8.87,9.32,5.39,0.0934,326,12.2,0.00101,95.7341787502859,0.06253801473439755,-21.0,96.3,0.5,11.35,-5.38,0.111,324,11.1,0.000847,33.027483458485165,4.1991236979125555,4.0,33.5,4.0,4.0,0,0,0,0,813.0,57.3,4.687,813.0,57.3,3.999999046,19.9,0.986,322,116.0,0.189,16,1,38,6,Layer 1 Down
150.71879111960757,9.627462944035804,-2.25,151,9.34,8.15,4.76,0.102,326,13.9,0.00114,96.92384279570584,1.7351909751670473,35.3,96.0,1.27,12.07,-4.54,0.0819,324,8.9,0.000511,33.33321931752965,4.094907693398395,4.0,33.5,4.0,4.0,0,0,0,0,819.0,57.2,-77.2,819.0,57.3,3.999999046,22.6,0.931,320,117.0,0.178,16,1,38,6,Layer 1 Down
150.58966560370365,9.840132819522928,41.5,151,9.68,6.94,4.85,0.0875,326,12.8,0.00107,93.94370428710864,2.3307013963994514,35.3,95.8,2.08,12.58,-6.73,0.0829,324,5.05,0.000326,33.72741536551431,3.9004047888957945,4.0,33.5,4.0,4.0,0,0,0,0,824.0,57.2,-41.3,824.0,57.3,4.0,25.6,0.907,322,122.0,0.173,16,1,38,6,Layer 1 Down
151.89801366475496,10.140893891376335,35.3,152,9.91,5.61,5.74,0.108,326,15.1,0.0013,95.46777986021807,2.6552863045959234,-14.8,95.7,2.95,12.93,-6.51,0.0874,324,7.96,0.000205,34.6987360317039,3.983616537475577,4.0,33.5,4.0,4.0,0,0,0,0,829.0,57.3,6.75,829.0,57.3,4.0,21.4,0.959,322,118.0,0.185,16,1,38,6,Layer 1 Down
152.3232163521589,9.782348591385647,-21.0,152,10.0,4.192,6.35,0.106,326,14.3,0.0013,94.81150651695987,4.012248374648891,29.0,95.6,3.891,13.07,-7.13,0.113,324,6.62,3.63e-05,34.2007563363603,3.6854435355464297,4.0,33.5,4.0,4.0,0,0,0,0,835.0,57.4,8.81,835.0,57.3,4.0,17.5,0.779,319,119.0,0.15,16,1,38,6,Layer 1 Down
153.18077539148882,10.16611536477139,79.0,153,10.0,4.0,4.92,0.0875,326,12.5,0.00117,96.13762544146056,3.9815667582923906,-39.8,95.6,4.0,4.0,-5.53,0.0921,324,5.86,0.0,34.02998113383603,4.266895243700872,4.0,33.5,4.0,4.0,0,0,0,0,840.0,57.2,-89.3,840.0,57.3,3.999999046,25.0,1.04,322,119.0,0.198,16,1,38,6,Layer 1 Down
152.84359460171555,10.382687664837489,29.0,153,10.0,4.0,5.24,0.0892,326,12.4,0.00115,95.14887915221036,3.911476108803398,41.5,95.6,4.0,4.0,-5.24,0.091,324,6.39,0.0,33.31640090992989,3.9809929718084156,4.0,33.5,4.0,4.0,0,0,0,0,845.0,57.3,-38.9,846.0,57.3,3.999999046,22.2,1.06,318,115.0,0.204,16,1,39,6,Layer 1 Down
153.94435651670784,9.492540739535759,-21.0,154,10.0,4.0,6.44,0.114,326,14.1,0.00142,95.86992788361682,4.339976811202942,54.0,95.6,4.0,4.0,-5.58,0.0899,325,6.02,4.28e-05,33.08184712467242,4.072811315764116,4.0,33.5,4.0,4.0,0,0,0,0,851.0,57.4,19.9,851.0,57.3,4.0,14.1,0.816,319,118.0,0.155,16,1,39,6,Layer 1 Down
153.42831940528166,10.576865475507416,-83.5,155,10.0,4.0,5.95,0.0937,326,13.6,0.00109,95.97784878075343,4.2232243150209685,54.0,95.6,4.0,4.0,-5.14,0.0893,324,6.41,2.83e-05,33.87351023275887,4.1562280206661155,4.0,33.5,4.0,4.0,0,0,0,0,856.0,57.3,2.81,856.0,57.3,4.0,26.2,1.02,318,118.0,0.197,16,1,2,6,Layer 1 Down
154.90096754476025,10.140248088931973,-14.8,155,10.0,4.0,5.0,0.0881,326,14.1,0.00109,96.82699250240975,4.16827371743838,47.8,95.6,4.0,4.0,-5.28,0.0901,325,5.8,0.0,32.9788894195989,3.4949385303339833,4.0,33.5,4.0,4.0,0,0,0,0,861.0,57.3,-10.1,862.0,57.3,4.0,23.4,0.935,318,116.0,0.181,16,1,39,6,Layer 1 Down
155.88923629137076,10.14188503834716,35.3,156,10.0,4.0,4.86,0.095,326,14.0,0.00118,95.46439127588425,3.8867314251953746,-46.0,95.6,4.0,4.0,-4.1,0.0775,325,5.38,-2.46e-05,33.38711176700263,3.6088051923689224,4.0,33.5,4.0,4.0,0,0,0,0,866.0,57.4,58.4,867.0,57.3,4.0,14.8,0.921,322,119.0,0.177,16,1,39,6,Layer 1 Down
156.09653605732828,10.034269617541451,-2.25,156,10.0,4.0,5.65,0.0942,326,13.7,0.0011,95.85127825353344,4.036438887826903,-39.8,95.6,4.0,4.0,-5.03,0.0897,325,6.31,1.42e-05,33.445658118837095,3.0332827789400314,4.0,33.5,4.0,4.0,0,0,0,0,872.0,57.4,0.12,872.0,57.3,4.0,17.5,0.872,322,118.0,0.167,16,1,39,6,Layer 1 Down
156.76909537960253,10.621489899897103,10.25,157,10.0,4.0,5.03,0.0858,326,13.7,0.00104,94.60766458072509,3.9726065913998334,-39.8,95.6,4.0,4.0,-3.5,0.0758,324,5.96,-2.4e-05,34.25416785369306,4.247040627816406,4.0,33.5,4.0,4.0,0,0,0,0,877.0,57.3,3.313,877.0,57.3,4.0,26.1,0.942,322,119.0,0.181,16,1,39,6,Layer 1 Down
157.19606534645038,10.182833274977419,-71.0,158,10.0,4.0,5.58,0.0766,326,12.8,0.000956,96.39545145554811,4.118704430122728,54.0,95.6,4.0,4.0,-5.09,0.0916,325,6.07,1.44e-05,33.33206775470508,3.469731331754362,4.0,33.5,4.0,4.0,0,0,0,0,883.0,57.4,2.19,883.0,57.3,4.0,18.3,0.776,319,120.0,0.149,16,1,39,6,Layer 1 Down
158.42108643977778,9.328445495134426,-58.5,158,10.0,4.0,7.29,0.0985,325,11.5,0.00124,95.09181705517386,3.8971033821519256,54.0,95.6,4.0,4.0,-4.98,0.0897,324,5.88,2.88e-05,32.345131707452275,4.057991240906257,4.0,33.5,4.0,4.0,0,0,0,0,887.0,57.3,-28.5,888.0,57.3,3.999999046,19.5,0.94,318,115.0,0.181,16,1,39,6,Layer 1 Down
159.0646273920811,10.312330031500366,-21.0,159,10.0,4.0,6.41,0.111,326,13.2,0.00145,95.22529600654575,4.661116862475259,54.0,95.6,4.0,4.0,-4.7,0.091,324,7.1,2.88e-05,33.73883046643463,4.1622849408268925,4.0,33.5,4.0,4.0,0,0,0,0,893.0,57.4,12.69,894.0,57.3,4.000000954,21.3,0.911,318,117.0,0.176,16,1,39,6,Layer 1 Down
159.14626003768828,10.049846908872098,35.3,159,10.0,4.0,5.05,0.0932,325,12.6,0.00119,95.58513370366296,3.767517375918446,47.8,95.6,4.0,4.0,-5.49,0.0896,324,5.1,1.43e-05,33.169046512836594,4.263492985073881,4.0,33.5,4.0,4.0,0,0,0,0,898.0,57.3,-16.6,899.0,57.3,4.0,22.6,0.948,318,122.0,0.182,16,1,39,6,Layer 1 Down
160.02210195167575,10.161481429917442,47.8,160,10.0,4.0,5.26,0.0875,326,12.9,0.00116,94.55565821350845,4.235356923776791,54.0,95.6,4.0,4.0,-5.39,0.0888,325,5.34,1.41e-05,33.52018375553836,3.4733153224787685,4.0,33.5,4.0,4.0,0,0,0,0,904.0,57.2,-37.4,904.0,57.3,4.0,25.5,0.907,323,122.0,0.172,16,1,39,6,Layer 1 Down
160.00003509058098,9.824163903728275,10.25,161,10.0,4.0,4.45,0.0797,325,12.0,0.00103,95.75286742196872,3.998636271129065,54.0,95.6,4.0,4.0,-5.09,0.0881,324,6.05,2.82e-05,33.45894946206654,3.971495727806807,4.0,33.5,4.0,4.0,0,0,0,0,909.0,57.3,7.25,910.0,57.3,4.0,23.9,0.929,318,117.0,0.179,16,1,2,6,Layer 1 Down
160.6999767377074,10.08459456577313,-39.8,161,10.0,4.0,5.17,0.0912,325,14.4,0.00115,96.24647487118895,4.606938105608602,29.0,95.6,4.0,4.0,-4.64,0.0898,324,6.28,4.24e-05,33.37041422029337,4.7306467996282695,4.0,33.5,4.0,4.0,0,0,0,0,914.0,57.3,-21.1,915.0,57.3,3.999999046,16.3,0.997,317,120.0,0.192,16,1,39,6,Layer 1 Down
162.13159806484018,9.608630674036934,-58.5,162,10.0,4.0,7.82,0.118,326,13.8,0.00148,95.79574259187325,3.8140265217828526,47.8,95.6,4.0,4.0,-4.84,0.0888,325,6.29,2.81e-05,33.87418854707753,4.74990912836993,4.0,33.5,4.0,4.0,0,0,0,0,920.0,57.4,61.8,920.0,57.3,4.000000954,19.4,0.939,316,120.0,0.181,16,1,39,6,Layer 1 Down
161.95954830896963,10.179429156779872,35.3,162,10.0,4.0,4.67,0.0849,325,13.3,0.0011,94.53827580673241,3.6922718799668477,-33.5,95.6,4.0,4.0,-3.41,0.0761,324,6.66,-2.41e-05,32.774261634899545,4.431894219600352,4.0,33.5,4.0,4.0,0,0,0,0,925.0,57.4,53.7,925.0,57.3,4.0,17.2,0.873,322,117.0,0.166,16,1,39,6,Layer 1 Down
163.8703377349835,10.016533648945474,10.25,163,10.0,4.0,4.86,0.0808,326,12.7,0.00104,95.51726884973284,3.793029767192845,47.8,95.6,4.0,4.0,-5.0,0.093,325,6.21,4.35e-05,33.255218438591086,4.147632863742836,4.0,33.5,4.0,4.0,0,0,0,0,931.0,57.4,24.6,931.0,57.3,4.0,13.9,0.81,318,118.0,0.153,16,1,39,6,Layer 1 Down
163.65419972980823,10.515555638218785,16.5,163,5.53,-918.0,5.49,0.105,326,13.6,0.00135,96.09583437986093,4.202384298412969,47.8,95.6,4.0,4.0,-4.94,0.0884,324,5.8,1.4e-05,33.82385930667681,3.560326663022578,4.0,33.5,4.0,4.0,0,0,0,0,936.0,57.3,2.81,936.0,57.3,4.0,24.1,1.02,317,120.0,0.198,16,1,39,6,Layer 1 Down
164.16043469279103,10.302374562991833,-58.5,164,9.89,1.46,5.44,0.0876,325,13.7,0.00103,94.34510090992471,2.5153971640761106,-14.8,95.6,2.87,-9.5,-7.6,0.14,324,9.13,0.000314,33.20926016559892,4.314353556565075,4.0,33.5,4.0,4.0,0,0,0,0,941.0,57.4,54.8,941.0,57.3,4.000000954,17.7,0.897,322,122.0,0.172,16,1,39,6,Layer 1 Down
164.68272141293411,9.513665252325936,-21.0,165,9.46,-1.65,5.52,0.0893,326,11.8,0.00103,94.68182589948029,1.6785344736242644,35.3,95.4,1.51,-8.5,-4.32,0.0658,325,7.67,0.000303,32.7383068022258,3.930875256860909,4.0,33.5,4.0,4.0,0,0,0,0,947.0,57.4,13.25,947.0,57.3,4.000000954,18.3,0.744,319,119.0,0.142,16,1,40,6,Layer 1 Down
164.5374601857075,9.018796215460158,29.0,165,8.78,-4.25,4.25,0.0852,325,11.9,0.00092,95.68571903682685,-0.43127441914779874,-27.3,95.1,0.38,-7.0,-4.6,0.0849,324,9.08,0.000691,33.81652904874155,4.245197264682121,4.0,33.5,4.0,4.0,0,0,0,0,952.0,57.3,-4.37,952.0,57.3,4.0,18.3,0.879,322,119.0,0.168,16,1,40,6,Layer 1 Down
165.49527630215394,7.940285002270288,16.5,166,7.83,-6.5,4.99,0.0737,326,9.08,0.000602,94.88048165183424,-0.3939009853040995,-39.8,94.7,-0.61,-4.83,-7.56,0.131,324,12.8,0.00122,34.03173170868502,3.7231692120684006,4.0,33.5,4.0,4.0,0,0,0,0,957.0,57.3,-0.94,957.0,57.3,4.0,25.2,0.948,323,120.0,0.182,16,1,40,6,Layer 1 Down
166.10925092096394,6.924937108730293,-27.3,166,6.64,-8.3,5.13,0.0972,326,10.2,0.000578,94.47528533339327,-1.5583297707711938,-52.3,94.1,-1.39,-2.1,-4.78,0.102,324,13.6,0.00117,33.47869691654278,3.9243522082437767,4.0,33.5,4.0,4.0,0,0,0,0,963.0,57.4,1.94,963.0,57.3,4.0,18.3,0.77,319,120.0,0.148,16,1,40,6,Layer 1 Down
166.19964324913204,5.303365584363132,-39.8,166,5.34,-9.4,7.59,0.107,326,5.92,0.000395,94.8425411612545,-2.3210049672396096,60.3,93.6,-1.85,0.86,-4.95,0.0859,324,13.8,0.00109,32.57163318897554,4.071804555579179,4.0,33.5,4.0,4.0,0,0,0,0,968.0,57.3,23.1,968.0,57.3,4.0,20.0,1.0,317,120.0,0.193,16,1,2,6,Layer 1 Down
165.27460252006068,3.826213980991328,-89.7,166,4.00212,-4.24,5.25,0.0807,326,3.36,2.51e-05,93.31309370218584,-1.856379084085368,10.25,93.0,2.33,915.0,-5.88,0.108,324,13.7,0.0014,33.8342429831977,4.107731789901291,4.0,33.5,4.0,4.0,0,0,0,0,973.0,57.4,11.5,974.0,57.3,4.000000954,21.7,0.902,318,116.0,0.174,16,1,40,6,Layer 1 Down
166.3856281904957,4.137503912216752,-77.2,166,4.0,4.0,3.59,0.0621,326,4.24,9.51e-06,92.9396102259107,-2.1139073373013297,16.5,92.5,-2.0,4.0,-6.23,0.111,324,15.1,0.00135,32.714122305022634,4.215973866863642,4.0,33.5,4.0,4.0,0,0,0,0,979.0,57.2,-72.6,979.0,57.3,3.999999046,21.3,0.912,319,118.0,0.175,16,1,40,6,Layer 1 Down
166.1889476188821,4.01685139541416,85.2,166,4.0,4.0,1.94,0.0435,326,2.99,-6.12e-06,93.71135912907462,-1.6777485733361635,72.7,91.9,-2.0,4.0,-4.64,0.076,324,13.3,0.000873,33.64620172037918,3.74663717748408,4.0,33.5,4.0,4.0,0,0,0,0,984.0,57.2,-35.9,984.0,57.3,4.0,25.7,0.895,323,122.0,0.17,16,1,41,6,Layer 1 Down
165.53828379561926,3.863907828257424,-58.5,166,4.0,4.0,4.16,0.0617,326,2.8,1.83e-05,91.1571327207787,-2.2518959133665444,60.3,91.3,-2.0,4.0,-4.56,0.0717,324,12.6,0.000868,33.07982823251432,3.412394186203867,4.0,33.5,4.0,4.0,0,0,0,0,989.0,57.3,4.5,990.0,57.3,4.0,24.0,0.939,317,117.0,0.18,16,1,41,6,Layer 1 Down
165.8039403562754,3.3854216722853705,-77.2,166,4.0,4.0,3.31,0.0675,326,3.45,1.98e-05,90.26684326754392,-1.8730649805837796,-71.0,90.8,-2.0,4.0,-6.07,0.125,324,14.5,0.00169,32.95087145062885,4.710745318397964,4.0,33.5,4.0,4.0,0,0,0,0,995.0,57.4,6.25,995.0,57.3,4.0,18.2,0.766,318,119.0,0.148,16,1,41,6,Layer 1 Down
166.10965340595718,4.381886322888095,85.2,166,4.0,4.0,1.65,0.0391,326,3.29,0.0,90.58585970301142,-1.792749620623668,-8.5,90.2,-2.0,4.0,-8.81,0.155,324,16.0,0.00198,33.29077669672908,5.088898348697917,4.0,33.5,4.0,4.0,0,0,0,0,1000.0,57.1,-91.0,1000.0,57.3,3.999999046,25.2,1.03,322,119.0,0.197,16,1,43,6,Layer 1 Down
166.02181565345145,4.445213475721791,-46.0,166,4.0,4.0,4.71,0.0676,326,0.985,1.02e-05,89.99334011646657,-1.969070866304762,16.5,89.6,-2.0,4.0,-9.7,0.149,324,14.8,0.0018,33.41321735476686,4.195719537066264,4.0,33.5,4.0,4.0,0,0,0,0,1004.0,57.2,-16.4,1004.0,57.3,4.0,23.5,1.05,317,120.0,0.202,16,1,43,6,Layer 1 Down
165.87851545095788,4.111891097890651,-52.3,166,4.0,4.0,3.05,0.0564,326,3.86,1.71e-05,88.64804120340838,-2.2602782029121427,-52.3,89.0,-2.0,4.0,-7.66,0.142,324,16.5,0.00184,33.194998137786214,3.4208334273047125,4.0,33.5,4.0,4.0,0,0,0,0,1014.0,57.4,21.7,1014.0,57.3,4.0,14.3,0.803,318,117.0,0.152,16,1,43,6,Layer 1 Down
165.95696965961045,4.329466630250154,-39.8,166,4.0,4.0,3.88,0.0614,326,2.2,3.52e-05,87.81013747051385,-1.5883370270572859,97.7,88.4,-2.0,4.0,-4.15,0.0682,324,13.6,0.000804,33.778722906822864,3.661773837148246,4.0,33.5,4.0,4.0,0,0,0,0,1014.0,57.3,0.75,1014.0,57.3,4.000000954,20.4,0.797,318,118.0,0.152,16,1,43,6,Layer 1 Down
165.89522800451354,3.6514209603216394,-39.8,166,4.0,4.0,3.59,0.0663,326,2.86,6.04e-05,89.44347124755322,-2.263048851035745,-27.3,87.8,-2.0,4.0,-3.74,0.0628,324,11.4,0.00079,33.28880743761839,4.222708185902207,4.0,33.5,4.0,4.0,0,0,0,0,1024.0,57.2,-65.6,1024.0,57.3,3.999999046,23.4,1.09,318,119.0,0.209,16,1,2,6,Layer 1 Down
166.0634353724257,4.019430463022654,-21.0,166,4.0,4.0,4.43,0.0615,326,0.835,5.19e-05,87.51840150538708,-2.153600887397023,-27.3,87.2,-2.0,4.0,-4.03,0.0842,324,12.9,0.00109,33.96407359887974,4.586657077105832,4.0,33.5,4.0,4.0,0,0,0,0,1024.0,57.5,63.8,1024.0,57.3,4.0,15.4,0.832,316,122.0,0.156,16,1,43,6,Layer 1 Down
166.6118452039223,3.597906043799752,-46.0,166,4.0,4.0,3.32,0.0664,326,3.04,3.05e-05,86.21067638132315,-1.4973064697609626,-2.25,86.6,-2.0,4.0,-6.13,0.108,324,13.4,0.00135,33.63312207515871,3.4694336056402104,4.0,33.5,4.0,4.0,0,0,0,0,1034.0,57.4,18.8,1034.0,57.3,4.0,21.3,0.815,317,118.0,0.156,16,1,43,6,Layer 1 Down
164.9327854408909,4.0580840353999985,66.5,166,4.0,4.0,1.94,0.0418,326,3.35,-1.1e-05,86.71203779475852,-2.1369776419563915,-8.5,86.0,-2.0,4.0,-5.97,0.109,324,14.9,0.0014,33.16973995305882,3.9456119005459214,4.0,33.5,4.0,4.0,0,0,0,0,1034.0,57.3,-1.13,1034.0,57.3,4.0,23.1,0.962,322,122.0,0.185,16,1,43,6,Layer 1 Down
165.90151784647986,4.076870467832813,-52.3,166,4.0,4.0,4.71,0.0666,326,1.39,0.0,85.42706764073213,-2.1011033733437725,41.5,85.4,-2.0,4.0,-4.39,0.0944,324,14.3,0.00118,33.09001879132159,4.0857084439528,4.0,33.5,4.0,4.0,0,0,0,0,1044.0,57.4,23.2,1044.0,57.3,4.000000954,20.3,0.877,316,120.0,0.169,16,1,43,6,Layer 1 Down
166.0733937258453,3.854914202012339,-77.2,166,4.0,4.0,4.15,0.0639,326,3.21,8.54e-06,84.6310209823231,-1.5978378448881134,47.8,84.8,-2.0,4.0,-6.23,0.1,324,14.0,0.0013,32.719989127897136,4.378200852142937,4.0,33.5,4.0,4.0,0,0,0,0,1044.0,57.3,17.3,1044.0,57.3,4.0,20.6,1.01,317,120.0,0.196,16,1,43,6,Layer 1 Down
166.12307406788736,3.4349756976208936,-64.7,166,4.0,4.0,2.76,0.0639,326,4.33,2.67e-05,84.57571881585596,-1.9438952797572164,16.5,84.2,-2.0,4.0,-4.68,0.0888,324,13.6,0.00115,33.63764828470222,3.849695274609035,4.0,33.5,4.0,4.0,0,0,0,0,1054.0,57.3,12.56,1054.0,57.3,4.000000954,21.4,0.902,317,117.0,0.174,16,1,43,6,Layer 1 Down
165.84535820988046,3.5136534134276705,-52.3,166,4.0,4.0,1.93,0.0585,326,4.69,8.82e-06,82.736745697169,-2.270521164292404,10.25,83.6,-2.0,4.0,-4.76,0.0933,324,13.6,0.00119,33.332119718794964,3.315925526512994,4.0,33.5,4.0,4.0,0,0,0,0,1054.0,57.2,-72.0,1054.0,57.3,3.999999046,22.1,0.925,319,117.0,0.177,16,1,43,6,Layer 1 Down
165.269556465844,3.494223452407868,-46.0,166,4.0,4.0,2.49,0.0602,326,4.08,1.79e-05,83.23563056678023,-2.241445508043454,-33.5,83.0,-2.0,4.0,-6.91,0.136,324,14.6,0.00178,32.37687862867239,4.271736412103241,4.0,33.5,4.0,4.0,0,0,0,0,1064.0,57.4,44.4,1064.0,57.3,4.0,17.6,0.994,316,119.0,0.19,16,1,43,6,Layer 1 Down
166.13638026391027,3.9943854206615814,-71.0,166,4.0,4.0,2.21,0.0632,326,4.69,0.0,83.67826390183066,-2.5203760009825973,4.0,82.4,-2.0,4.0,-8.23,0.153,324,15.4,0.00199,33.24636457432473,4.49203029740333,4.0,33.5,4.0,4.0,0,0,0,0,1074.0,57.3,5.69,1074.0,57.3,4.0,23.6,0.928,317,117.0,0.178,16,1,43,6,Layer 1 Down
166.71823085917396,4.50635814487936,-39.8,166,4.0,4.0,4.71,0.0591,326,1.9,4.47e-05,82.11150661532521,-2.2843263892294523,-8.5,81.8,-2.0,4.0,-8.16,0.137,324,15.9,0.00173,33.07340338830511,3.9638712239874896,4.0,33.5,4.0,4.0,0,0,0,0,1074.0,57.4,8.5,1074.0,57.3,4.0,17.8,0.772,318,119.0,0.149,16,1,43,6,Layer 1 Down
165.36222163538517,4.275280944125233,-64.7,166,4.0,4.0,2.76,0.0576,326,4.43,1.73e-05,80.94860966408905,-1.7492318151208037,-27.3,81.2,-2.0,4.0,-7.5,0.136,324,15.1,0.00171,34.246008141889355,4.177268063559333,4.0,33.5,4.0,4.0,0,0,0,0,1084.0,57.4,59.6,1084.0,57.3,4.000000954,20.0,0.941,316,119.0,0.182,16,1,2,6,Layer 1 Down
166.3591790080376,3.3179724735391343,-58.5,166,4.0,4.0,3.34,0.0588,326,3.16,8.87e-06,80.36114496182597,-2.013642956594562,66.5,80.7,-2.0,4.0,-8.27,0.163,324,13.6,0.00223,32.69381559107056,3.7924387462621003,4.0,33.5,4.0,4.0,0,0,0,0,1084.0,57.3,-29.3,1084.0,57.3,3.999999046,21.9,1.04,317,115.0,0.201,16,1,43,6,Layer 1 Down
165.8633994708606,4.29250242304243,-58.5,166,4.0,4.0,3.88,0.064,326,2.9,4.66e-05,79.82580493104949,-2.076283816911312,-52.3,80.1,-2.0,4.0,-7.39,0.125,325,12.9,0.00163,32.81758918368633,3.630025486745702,4.0,33.5,4.0,4.0,0,0,0,0,1094.0,57.4,22.1,1094.0,57.3,4.0,14.7,0.802,317,117.0,0.152,16,1,43,6,Layer 1 Down
165.97450138528262,4.1251080590194045,-64.7,166,4.0,4.0,4.71,0.0608,326,1.77,3.59e-05,79.33029848773812,-1.601051783236464,16.5,79.5,-2.0,4.0,-7.2,0.13,324,14.4,0.00167,34.025517653561444,4.448999239417771,4.0,33.5,4.0,4.0,0,0,0,0,1094.0,57.3,0.81,1094.0,57.3,4.0,23.6,1.03,316,121.0,0.198,16,1,43,6,Layer 1 Down
165.56220562815525,3.4460014104088574,-52.3,166,4.0,4.0,5.27,0.0605,326,0.775,1.82e-05,78.74754424372767,2.624184303208051,-452.0,79.0,4.0,4.0,-8.27,0.121,324,9.01,0.000366,34.14236260457908,4.1695060287788985,4.0,33.5,4.0,4.0,0,0,0,0,1104.0,57.3,-1.94,1104.0,57.3,4.0,22.8,0.933,317,117.0,0.181,16,1,43,6,Layer 1 Down
165.86093338683872,2.7809214319546105,47.8,166,2.7,-9.4,-4.48,0.066,326,4.09,0.000184,79.1122924771803,-1.6247566219966845,-14.8,78.4,-1.86,6.91,-7.87,0.126,324,13.2,0.00141,33.14728613225224,4.214506644113211,4.0,33.5,4.0,4.0,0,0,0,0,1104.0,57.4,18.3,1104.0,57.3,4.000000954,17.7,0.729,318,120.0,0.139,16,1,44,6,Layer 1 Down
166.5405575190014,1.851857016253502,16.5,166,1.41,-8.4,-6.3,0.108,326,8.98,0.000623,76.74184476183036,-1.510268540496379,41.5,77.8,-1.41,9.88,-1.8,0.0492,325,12.2,0.000539,33.200737528710626,4.657084649916324,4.0,33.5,4.0,4.0,0,0,0,0,1114.0,57.2,-21.9,1114.0,57.3,3.999999046,24.2,1.06,317,119.0,0.205,16,1,45,6,Layer 1 Down
166.24226759091673,0.6317136131733868,-8.5,166,0.25,-6.8,-5.73,0.103,326,11.5,0.000775,77.97600082519699,-1.0228831861965066,85.2,77.3,-0.68,12.55,-4.15,0.0785,324,12.5,0.000761,33.79175805090677,3.5385701909151357,4.0,33.5,4.0,4.0,0,0,0,0,1114.0,57.5,57.3,1114.0,57.3,4.0,16.0,0.845,316,117.0,0.159,16,1,45,6,Layer 1 Down
165.72029380174806,-0.8846032022097344,4.0,165,-0.72,-4.54,-6.79,0.116,325,12.7,0.00114,76.64628800579104,0.7830961832598711,60.3,76.9,0.29,14.8,-3.72,0.0636,324,10.0,0.000452,32.39822930519771,3.75852184991117,4.0,33.5,4.0,4.0,0,0,0,0,1124.0,57.4,8.69,1124.0,57.3,4.0,18.6,0.769,318,120.0,0.148,16,1,45,6,Layer 1 Down
165.48956693650644,-1.0405681180940896,54.0,165,-1.44,-1.87,-6.25,0.101,326,12.6,0.00109,76.85188192914013,1.957589097978471,54.0,76.6,1.46,16.4,-5.43,0.0869,325,9.19,0.000432,32.61881361442639,4.069086300985449,4.0,33.5,4.0,4.0,0,0,0,0,1124.0,57.3,20.1,1124.0,57.3,4.0,20.6,0.995,317,119.0,0.192,16,1,45,6,Layer 1 Down
164.18257189542308,-2.5579831036548457,-64.7,164,-1.87,1.1,-5.18,0.103,326,13.5,0.00128,75.6469304776115,2.761834023653883,22.8,76.4,2.76,17.4,-6.4,0.105,324,7.02,0.000279,33.36708613248322,3.7531470428398723,4.0,33.5,4.0,4.0,0,0,0,0,1134.0,57.4,14.3,1134.0,57.3,4.000000954,22.1,0.902,317,116.0,0.175,16,1,2,6,Layer 1 Down
163.7251266030489,4.809536363755071,648.0,163,-1.5,-871.0,-2.07,0.156,326,4.69,0.00032,77.28781037834248,4.492916568967634,-21.0,76.4,4.0,4.0,-4.15,0.0558,324,2.85,8.57e-06,34.23379921572471,4.342574932955823,4.0,33.5,4.0,4.0,0,0,0,0,1134.0,57.3,16.1,1144.0,57.3,4.000000954,24.8,0.908,323,119.0,0.175,16,1,45,6,Layer 1 Down
163.18253300980118,-1.6656760586718724,-33.5,163,-2.0,4.0,-7.38,0.115,326,12.0,0.00152,77.23235118676638,3.5255643812325532,-2.25,76.4,4.0,4.0,-1.89,0.0355,325,1.42,0.0,33.293702598137,3.9180241597146,4.0,33.5,4.0,4.0,0,0,0,0,1144.0,57.4,45.4,1144.0,57.3,4.0,16.5,0.98,316,120.0,0.186,16,1,45,6,Layer 1 Down
162.3442768320694,-1.8445959048596503,22.8,162,-2.0,4.0,-5.69,0.0993,325,14.9,0.00131,77.04121218371043,3.997554450262797,4.0,76.4,4.0,4.0,-1.26,0.0335,324,2.27,4.77e-06,33.5477887537557,3.565826845421643,4.0,33.5,4.0,4.0,0,0,0,0,1154.0,57.3,6.25,1154.0,57.3,4.0,24.2,0.924,316,117.0,0.179,16,1,45,6,Layer 1 Down
161.87668603099902,-1.9965844508907145,79.0,162,-2.0,4.0,-5.82,0.0841,326,12.4,0.00103,75.38781908375644,4.115954269052624,10.25,76.4,4.0,4.0,-1.33,0.0347,324,2.64,5.11e-06,34.03679511133643,4.028771135303969,4.0,33.5,4.0,4.0,0,0,0,0,1154.0,57.4,8.25,1154.0,57.3,4.0,18.0,0.772,318,119.0,0.148,16,1,45,6,Layer 1 Down
161.02766969784534,-1.8687161333700448,-14.8,161,-2.0,4.0,-4.52,0.0849,326,12.3,0.00107,76.95403061855266,3.7105218120138312,4.0,76.4,4.0,4.0,-1.14,0.0382,324,2.86,1.07e-05,34.497509371750745,4.074512923814251,4.0,33.5,4.0,4.0,0,0,0,0,1164.0,57.4,59.7,1164.0,57.3,4.000000954,20.0,0.923,315,118.0,0.177,16,1,45,6,Layer 1 Down
160.71001172332635,-1.7136245616709118,-21.0,160,-2.0,4.0,-5.43,0.1,325,12.9,0.00129,76.6705299894726,4.09518322704757,4.0,76.4,4.0,4.0,-1.21,0.0379,324,2.75,1.08e-05,33.226889777614815,4.40886694798414,4.0,33.5,4.0,4.0,0,0,0,0,1164.0,57.3,-32.3,1164.0,57.3,3.999999046,22.3,1.05,317,114.0,0.202,16,1,45,6,Layer 1 Down
160.41146822094368,-1.4651192688572183,47.8,160,-2.0,4.0,-2.94,0.105,325,18.8,0.0013,75.32733467640602,3.624740607433211,-2.25,76.4,4.0,4.0,-2.09,0.0385,324,1.25,5.31e-06,33.49202861483194,4.171975399527319,4.0,33.5,4.0,4.0,0,0,0,0,1174.0,57.4,23.9,1174.0,57.3,4.0,14.3,0.797,317,118.0,0.152,16,1,45,6,Layer 1 Down
158.51006228114136,-1.673124154968808,60.3,159,-2.0,4.0,-5.18,0.0905,326,14.0,0.00111,76.3837641388821,4.218577637174925,4.0,76.4,4.0,4.0,-1.57,0.039,325,1.78,0.0,34.36265619111918,4.20172369310794,4.0,33.5,4.0,4.0,0,0,0,0,1174.0,57.3,0.69,1174.0,57.3,4.0,24.6,1.01,316,119.0,0.195,16,1,45,6,Layer 1 Down
159.32530065646333,-1.8122994573400502,10.25,159,-2.0,4.0,-4.55,0.0741,326,12.4,0.000931,76.64358718586564,4.33482959056452,10.25,76.4,4.0,4.0,-2.33,0.0364,325,1.53,2.1e-05,32.77931128898869,4.1401082662257735,4.0,33.5,4.0,4.0,0,0,0,0,1184.0,57.3,-6.8,1184.0,57.3,4.0,23.1,0.939,317,116.0,0.182,16,1,45,6,Layer 1 Down
157.9207274403815,-1.9346764621077717,-46.0,158,-2.0,4.0,-5.14,0.0986,326,13.5,0.0013,76.77157749171899,4.0861999283291945,4.0,76.4,4.0,4.0,-1.7,0.0375,325,1.99,5.58e-06,33.98651059638951,3.917664015521985,4.0,33.5,4.0,4.0,0,0,0,0,1184.0,57.4,13.87,1184.0,57.3,4.000000954,18.2,0.725,318,119.0,0.139,16,1,2,6,Layer 1 Down
158.4870036193865,-1.8219894930147875,10.25,157,-2.0,4.0,-5.93,0.112,326,14.8,0.00143,76.51844859358103,3.4385459029066103,16.5,76.4,4.0,4.0,-1.57,0.0382,325,1.95,0.0,33.01787619375397,3.6866973965713896,4.0,33.5,4.0,4.0,0,0,0,0,1194.0,57.3,-17.6,1194.0,57.3,3.999999046,24.2,1.04,316,118.0,0.201,16,1,45,6,Layer 1 Down
157.31221073438456,-1.873702866057773,41.5,157,-2.0,4.0,-5.27,0.104,326,14.5,0.00131,76.59460501927718,3.6689871059210573,-2.25,76.4,4.0,4.0,-1.7,0.0423,325,2.05,1.7e-05,33.54851577540829,4.126349333095994,4.0,33.5,4.0,4.0,0,0,0,0,1194.0,57.5,57.1,1194.0,57.3,4.0,16.8,0.842,316,115.0,0.159,16,1,45,6,Layer 1 Down
156.75702323902578,-2.099705288056652,22.8,156,-2.0,4.0,-4.69,0.0875,326,13.5,0.00113,77.38468831591327,4.178744001294265,4.0,76.4,4.0,4.0,-1.89,0.0402,325,1.64,5.27e-06,33.38513145986375,3.8542780355678206,4.0,33.5,4.0,4.0,0,0,0,0,1204.0,57.4,7.44,1204.0,57.3,4.0,18.6,0.765,318,120.0,0.147,16,1,45,6,Layer 1 Down
156.30385554126502,-2.406185539711386,-27.3,156,-2.0,4.0,-5.19,0.108,326,13.7,0.00136,77.21925348321082,3.9817098693875637,-8.5,76.4,4.0,4.0,-0.868,0.0373,325,3.24,2.66e-05,33.046427227436155,4.739195331633225,4.0,33.5,4.0,4.0,0,0,0,0,1204.0,57.3,20.8,1204.0,57.3,4.0,20.2,1.01,316,119.0,0.195,16,1,45,6,Layer 1 Down
154.34634689930542,-2.1306640088736795,10.25,155,-2.0,4.0,-6.71,0.125,326,14.5,0.00156,74.48419266509973,3.1472847928252237,4.0,76.4,4.0,4.0,-1.26,0.0367,325,2.44,1.01e-05,33.034548155038586,4.587123686531195,4.0,33.5,4.0,4.0,0,0,0,0,1214.0,57.4,13.94,1214.0,57.3,4.000000954,21.6,0.895,316,117.0,0.173,16,1,45,6,Layer 1 Down
154.97216092341856,-2.052853932282417,22.8,154,-2.0,4.0,-4.51,0.0953,326,14.0,0.00121,76.18788299438216,4.393385055123314,10.25,76.4,4.0,4.0,-1.7,0.0392,325,2.14,1.08e-05,33.63086900981082,4.276828897098705,4.0,33.5,4.0,4.0,0,0,0,0,1214.0,57.2,-65.6,1214.0,57.3,3.999999046,21.9,0.912,318,118.0,0.175,16,1,45,6,Layer 1 Down
153.51268033199466,-1.9990630015030963,-2.25,154,-2.0,4.0,-4.76,0.0921,326,14.9,0.00115,76.28997781648678,4.068254999188468,10.25,76.4,4.0,4.0,-1.77,0.0345,325,1.96,-1.5e-05,33.97134036053486,4.140556426644282,-2.25,33.5,4.0,4.0,0,0,0,0,1224.0,57.3,-25.8,1224.0,57.3,3.999999046,23.1,0.998,322,117.0,0.193,16,1,45,6,Layer 1 Down
152.78449964956562,-1.54669908081485,41.5,153,-2.0,4.0,-5.87,0.11,326,15.5,0.00136,75.2292225467566,3.7657435994243222,16.5,76.4,4.0,4.0,-3.09,0.0334,324,1.34,-9.31e-06,33.438576099350946,3.9615232278976085,4.0,33.5,4.0,4.0,0,0,0,0,1234.0,57.5,40.6,1234.0,57.3,4.0,15.4,0.798,323,114.0,0.151,16,1,45,6,Layer 1 Down
153.6283675928252,-1.9122797406155405,-2.25,153,-2.0,4.0,-5.75,0.114,326,14.2,0.00148,76.4629344734208,4.289926853796252,-8.5,76.4,4.0,4.0,-2.33,0.0361,325,1.55,9.65e-06,33.5331952345635,3.4483345390533455,4.0,33.5,4.0,4.0,0,0,0,0,1234.0,57.4,10.63,1234.0,57.3,4.0,17.1,0.757,318,120.0,0.145,16,1,45,6,Layer 1 Down
152.26508605666575,-1.6351855065000178,-8.5,152,-2.0,4.0,-5.86,0.108,326,14.5,0.00135,77.2344378947956,3.8105426462168888,16.5,76.4,4.0,4.0,-1.57,0.0342,325,2.63,-9.74e-06,33.77042366154498,3.905437709037965,4.0,33.5,4.0,4.0,0,0,0,0,1244.0,57.3,-19.6,1244.0,57.3,4.0,23.1,0.936,322,119.0,0.18,16,1,45,6,Layer 1 Down
151.70938527803764,-1.5829044179017593,16.5,151,-2.0,4.0,-5.7,0.0976,326,14.2,0.00118,75.67393973647975,3.807088708363757,10.25,76.4,4.0,4.0,-2.33,0.0343,324,1.87,-1.46e-05,33.0399848807384,4.044356390081378,4.0,33.5,4.0,4.0,0,0,0,0,1244.0,57.4,37.4,1244.0,57.3,4.000000954,20.3,0.728,323,117.0,0.138,16,1,2,6,Layer 1 Down
150.57849711709426,-2.217997491373847,-52.3,151,-2.0,4.0,-4.21,0.091,326,13.4,0.00118,76.62478794309789,4.1134270445931485,-2.25,76.4,4.0,4.0,-1.7,0.0373,325,2.19,1.58e-05,33.85020910147641,4.100373348463194,4.0,33.5,4.0,4.0,0,0,0,0,1254.0,57.4,15.0,1254.0,57.3,4.0,14.1,0.808,317,117.0,0.153,16,1,45,6,Layer 1 Down
150.01363076840988,-2.0252840699393544,-83.5,150,-2.0,4.0,-5.27,0.103,326,13.4,0.00132,75.78803358723087,4.563740572776383,10.25,76.4,4.0,4.0,-2.5,0.0332,325,2.76,0.0,33.88791985393749,4.205393800705273,4.0,33.5,4.0,4.0,0,0,0,0,1254.0,57.4,44.5,1254.0,57.3,4.0,16.1,0.843,322,118.0,0.16,16,1,45,6,Layer 1 Down
149.4941552476377,-2.0415468785130573,-27.3,150,-2.0,4.0,-6.03,0.105,326,13.9,0.00137,75.95101872683856,4.538903538080931,16.5,76.4,4.0,4.0,-2.7,0.0345,325,2.2,-9.24e-06,34.732692796391994,4.403026313487365,4.0,33.5,4.0,4.0,0,0,0,0,1264.0,57.4,19.4,1264.0,57.3,4.0,20.1,0.741,323,118.0,0.141,16,1,45,6,Layer 1 Down
148.7209404010211,-1.5415654874018228,-27.3,149,-2.0,4.0,-5.77,0.111,326,14.2,0.0014,77.38721566433303,4.113857151918394,-2.25,76.4,4.0,4.0,-1.26,0.0432,325,2.41,1.25e-05,33.3219326150538,3.697224399545103,4.0,33.5,4.0,4.0,0,0,0,0,1264.0,57.3,21.7,1264.0,57.3,4.0,25.0,0.961,315,117.0,0.185,16,1,45,6,Layer 1 Down
148.12973329263812,-1.6131935618007922,54.0,148,-2.0,4.0,-6.32,0.107,326,14.6,0.0014,76.03745506516842,4.14635593903725,4.0,76.4,4.0,4.0,-1.45,0.0375,324,1.88,5.55e-06,33.28312012851246,3.701195679420095,4.0,33.5,4.0,4.0,0,0,0,0,1274.0,57.4,8.19,1274.0,57.3,4.0,18.5,0.842,317,119.0,0.163,16,1,45,6,Layer 1 Down
148.48037783508101,-1.649756011526128,298.0,148,-1.99,4.787,-7.67,0.139,326,16.0,0.00167,76.70885702960132,4.425528032682248,29.0,76.4,4.371,17.7,0.968,0.0247,325,2.82,8.11e-06,33.86406864188428,4.634662166053339,4.0,33.5,4.0,4.0,0,0,0,0,1274.0,57.3,-8.2,1274.0,57.3,4.0,21.2,1.03,322,121.0,0.198,16,1,45,6,Layer 1 Down
147.25312254089675,-1.9225451583207336,-52.3,147,-1.76,7.76,-3.19,0.0803,326,13.4,0.00101,75.24962515552133,5.18213509514851,10.25,76.5,5.67,17.2,4.7,0.0909,324,8.51,0.000335,33.88780673286226,4.337257878201444,4.0,33.5,4.0,4.0,0,0,0,0,1284.0,57.3,0.87,1284.0,57.3,3.999999046,25.8,1.03,316,116.0,0.198,16,1,47,6,Layer 1 Down
146.04728362616783,-0.8357958821385815,16.5,147,-1.23,10.67,-4.98,0.0929,326,12.4,0.00102,77.94442736590261,7.1238881028394525,29.0,76.7,6.93,16.0,7.73,0.155,324,11.6,0.00101,33.24666176949974,3.8290613152713733,4.0,33.5,4.0,4.0,0,0,0,0,1284.0,57.5,54.3,1284.0,57.3,4.0,12.7,0.827,316,115.0,0.154,16,1,47,6,Layer 1 Down
146.1265554463147,-0.5832444424866609,16.5,146,-0.39,13.31,-4.44,0.0772,326,10.5,0.000677,77.4027010279333,7.917648477637461,-27.3,77.1,8.09,14.1,1.97,0.0643,324,12.3,0.000514,33.309121713102876,3.953101589107766,4.0,33.5,4.0,4.0,0,0,0,0,1294.0,57.3,16.8,1294.0,57.3,4.0,18.6,0.992,322,119.0,0.192,16,1,47,6,Layer 1 Down
146.02995150304088,0.5815356237409084,-2.25,146,0.6,15.3,-5.46,0.0956,326,9.55,0.000752,77.37805098165063,9.130805800605227,-33.5,77.5,8.95,11.83,2.38,0.0472,324,10.1,0.000435,33.75619962684241,3.9550688522231443,4.0,33.5,4.0,4.0,0,0,0,0,1294.0,57.3,12.87,1304.0,57.3,4.0,23.7,0.971,316,116.0,0.186,16,1,2,6,Layer 1 Down
146.1720952548183,1.8803754812379965,16.5,146,1.82,16.8,-5.5,0.105,326,9.41,0.000526,78.3845884516372,9.648001144495218,-21.0,78.0,9.59,9.06,5.86,0.0923,324,11.6,0.00108,33.108178357834696,4.013811771430023,4.0,33.5,4.0,4.0,0,0,0,0,1304.0,57.4,40.1,1304.0,57.3,4.000000954,17.8,0.809,316,118.0,0.155,16,1,47,6,Layer 1 Down
146.67201871325167,2.6954472589477927,-39.8,145,3.196,17.6,-1.18,0.044,326,7.66,7.97e-05,77.65793839099611,10.458644226878665,47.8,78.6,9.95,5.9,2.27,0.117,325,18.2,0.00153,33.3056317490943,4.206770302928926,4.0,33.5,4.0,4.0,0,0,0,0,1314.0,57.4,52.2,1314.0,57.3,4.000000954,22.6,0.919,323,118.0,0.177,16,1,47,6,Layer 1 Down
144.14210714881168,4.175042513951286,10.25,145,4.0,4.0,-4.23,0.0816,326,3.59,6.48e-05,79.89018404087642,9.35738252515779,-14.8,79.2,10.0,4.0,11.7,0.2,325,15.3,0.00248,33.54241789960291,5.108906213571718,4.0,33.5,4.0,4.0,0,0,0,0,1314.0,57.4,69.4,1314.0,57.3,4.0,18.1,0.924,314,116.0,0.175,16,1,47,6,Layer 1 Down
144.75421966115823,3.6405007341925777,22.8,145,4.0,4.0,-4.53,0.0729,326,2.78,3.44e-05,79.48350871563409,8.827313623665955,-14.8,79.8,10.0,4.0,4.76,0.0872,324,14.0,0.00104,33.97152943685418,4.08300703426588,4.0,33.5,4.0,4.0,0,0,0,0,1324.0,57.4,33.4,1324.0,57.3,4.0,17.2,0.806,317,119.0,0.154,16,1,47,6,Layer 1 Down
145.24569838381996,3.741195902457458,-33.5,145,4.0,4.0,-3.73,0.0545,326,3.98,-1.56e-05,80.1636378164836,9.906623435332513,-8.5,80.4,10.0,4.0,4.44,0.0798,325,13.8,0.00091,33.2137514092438,4.2898466700696245,4.0,33.5,4.0,4.0,0,0,0,0,1324.0,57.3,-3.87,1324.0,57.3,4.0,23.8,0.946,323,122.0,0.182,16,1,47,6,Layer 1 Down
144.34237429383467,4.291040074579859,-8.5,145,4.0,4.0,-3.04,0.0504,326,5.61,-2.33e-05,80.4714686503818,5.1282565165904614,4.0,80.8,6.0,504.0,-1.84,0.0753,325,3.11,5.04e-05,32.627718883612545,3.2622683037592544,4.0,33.5,4.0,4.0,0,0,0,0,1334.0,57.3,-22.4,1334.0,57.3,4.0,24.5,0.947,322,118.0,0.183,16,1,47,6,Layer 1 Down
145.6136984522235,4.179812566062922,35.3,145,4.0,4.0,-3.34,0.074,326,3.8,7e-05,81.01200038564576,10.321146813088188,60.3,81.4,10.0,4.0,7.25,0.124,324,13.7,0.00166,32.592582567272906,3.7878855409820744,4.0,33.5,4.0,4.0,0,0,0,0,1334.0,57.3,-30.8,1334.0,57.3,3.999999046,20.4,0.974,317,117.0,0.188,16,1,48,6,Layer 1 Down
145.15316238956814,3.8605464957280984,-14.8,145,4.0,4.0,-2.84,0.0512,326,5.24,-2.29e-05,82.26418888879037,3.992529134604407,35.3,81.8,4.0,4.0,1.53,0.028,325,0.293,1.27e-05,32.903728017436414,4.537532343608895,4.0,33.5,4.0,4.0,0,0,0,0,1344.0,57.2,-12.3,1344.0,57.3,3.999999046,25.4,1.07,322,120.0,0.207,16,1,48,6,Layer 1 Down
145.35200895483112,4.15616720448947,16.5,145,4.0,4.0,-5.21,0.0696,325,2.49,6.33e-05,81.97100063597806,4.519782808729533,16.5,81.8,4.0,4.0,0.308,0.0205,324,0.929,-5.51e-06,35.578277755353575,54.07598868398234,-109.0,36.7,54.0,4.0,0,0,0,0,1344.0,57.3,28.0,1344.0,57.3,4.0,24.5,0.946,314,118.0,0.182,16,1,51,50,Repositioning
144.76260207502094,3.9823453072621082,-2.25,145,4.0,4.0,-3.09,0.0717,325,3.81,7.83e-05,82.23550747716229,4.123556920681487,16.5,81.8,4.0,4.0,0.237,0.0279,323,1.72,2.71e-06,41.22679918447323,52.080027470404765,-46.0,41.7,54.0,4.0,0,0,0,0,1354.0,57.4,7.69,1354.0,57.3,4.0,19.3,0.837,316,117.0,0.161,16,1,2,50,Repositioning
145.3383623016435,4.0286954782425415,10.25,145,4.0,4.0,-2.79,0.0536,325,6.06,-3.3e-05,81.79412326205941,4.188533896143242,16.5,81.8,4.0,4.0,-0.465,0.0215,324,1.92,1.64e-06,45.83712198566417,54.194844440202,-8.5,46.9,54.0,4.0,0,0,0,0,1354.0,57.3,-9.3,1354.0,57.3,4.0,21.7,1.03,321,119.0,0.198,16,1,52,50,Repositioning
145.44426963181422,4.192968805577897,4.0,145,4.0,4.0,-2.88,0.0715,325,3.88,3.41e-05,82.14292749116437,4.305606257016403,-2.25,81.8,4.0,4.0,1.84,0.026,323,0.247,1.27e-05,50.967279064965616,54.8390810660616,-21.0,51.7,54.0,4.0,0,0,0,0,1364.0,57.3,-2.06,1364.0,57.3,3.999999046,26.6,1.03,314,116.0,0.199,16,1,52,50,Repositioning
145.09683049743725,3.7613043163051763,-8.5,145,4.0,4.0,-3.09,0.0702,325,3.51,3.23e-05,81.52011924823184,4.114769214708945,4.0,81.8,4.0,4.0,2.0,0.0263,323,1.17,-2.3e-06,55.833507276115604,53.12691098332792,-39.8,56.7,54.0,4.0,0,0,0,0,1364.0,57.5,58.4,1364.0,57.3,4.0,13.0,0.831,315,115.0,0.154,16,1,52,50,Repositioning
146.09746370664942,23.911850560976198,941.0,146,30.8,898.0,17.5,0.269,325,37.3,0.0118,83.08993886949987,-6.384243745577765,-483.0,81.5,-9.4,-443.0,-10.1,0.172,324,21.4,0.00387,58.29144055078796,4.539640337507793,-2.25,58.5,4.0,4.0,0,0,0,0,1374.0,57.4,21.2,1374.0,57.3,4.0,19.2,0.981,322,117.0,0.189,16,1,52,50,Repositioning
150.11240850606265,48.508257733176144,-27.3,150,48.7,4.0000954,10.5,0.187,324,64.8,0.0175,78.45228635626688,-18.971791155397618,4.0,79.4,-18.4,4.0,-8.35,0.177,323,35.2,0.00841,59.12614268547225,2.7624368369395125,-2.25,58.5,4.0,4.0,0,0,0,0,1384.0,57.3,1.31,1384.0,57.3,4.0,23.5,0.871,322,119.0,0.167,16,1,52,50,Repositioning
153.64102171859943,44.03416053769862,-758.0,154,37.1,-890.0,-8.17,0.108,324,36.7,-0.00481,78.24257644596042,-16.151019990158822,504.0,77.3,-12.5,451.0,-0.0482,0.0512,323,25.3,0.00157,58.813400592654816,4.4103178835891175,4.0,58.5,4.0,4.0,0,0,0,0,1384.0,57.4,42.0,1384.0,57.3,4.000000954,19.0,0.8,315,117.0,0.153,16,1,52,50,Repositioning
154.93865769089965,3.754576373617718,29.0,155,4.0,4.0,0.0391,0.0168,326,1.33,2.14e-06,77.91405542265534,4.265857160824223,16.5,77.0,4.0,4.0,1.18,0.0198,325,0.673,-8.82e-07,57.507636508369224,-38.10378325150578,-1006.0,57.2,-45.5,-871.0,0,0,0,0,1394.0,57.4,50.1,1394.0,57.3,4.000000954,22.0,0.915,322,118.0,0.176,16,1,52,50,Repositioning
154.93658125108135,4.435728363587112,-8.5,155,4.0,4.0,1.06,0.0215,326,0.749,-1.81e-06,76.43057523581305,3.8882367042183934,4.0,77.0,4.0,4.0,-0.0996,0.0226,325,1.23,1.41e-06,52.581726058270284,-47.027970469070844,16.5,52.4,-46.0,4.0,0,0,0,0,1394.0,57.4,61.8,1394.0,57.3,4.0,18.4,0.93,315,116.0,0.176,16,1,54,50,Repositioning
155.15941486696713,4.0880290871425355,-8.5,155,4.0,4.0,0.748,0.0204,326,1.27,-1.7e-06,78.48963267305632,4.253591803221532,4.0,77.0,4.0,4.0,0.22,0.0173,325,0.876,-5.55e-07,47.59488501278494,-45.90484164718154,-39.8,47.4,-46.0,4.0,0,0,0,0,1404.0,57.4,34.1,1404.0,57.3,4.0,19.0,0.809,316,118.0,0.155,16,1,54,50,Repositioning
155.41572613474264,3.636138780031502,16.5,155,4.0,4.0,0.238,0.0187,327,0.792,-2.25e-06,77.66520091753816,4.047075966634067,4.0,77.0,4.0,4.0,0.379,0.0155,325,0.859,4.84e-07,43.65517231207358,-3.5165771201422684,991.0,43.5,3.5,879.0,0,0,0,0,1404.0,57.3,-8.3,1404.0,57.3,4.0,25.1,0.966,323,121.0,0.184,16,1,2,50,Repositioning
154.55986153045757,3.5224543850666894,-8.5,155,4.0,4.0,0.747,0.0227,326,0.58,-7.02e-06,77.6489290447762,4.407703214074528,4.0,77.0,4.0,4.0,0.0599,0.0164,325,0.758,0.0,43.276576177211744,-1.5908214145004709,142.0,43.0,-2.0,4.0,0,0,0,0,1414.0,57.4,65.4,1414.0,57.3,4.000000954,23.4,0.919,315,114.0,0.176,16,1,54,6,Layer 2 Up
154.94802134360785,3.942047010775748,-8.5,155,4.0,4.0,0.664,0.0207,326,1.4,6.06e-06,77.01872482819812,3.9065569669752325,4.0,77.0,4.0,4.0,0.54,0.0161,325,0.41,1.45e-06,41.97028642621007,-1.8941732322107674,22.8,42.4,-2.0,4.0,0,0,0,0,1414.0,57.3,-25.1,1414.0,57.3,3.999999046,21.7,0.979,317,115.0,0.189,16,1,54,6,Layer 2 Up
155.6159880504244,4.4836659607421945,16.5,155,4.0,4.0,0.223,0.0176,327,1.97,1.02e-06,76.85484635838651,4.148011093640362,4.0,77.0,4.0,4.0,1.18,0.0193,325,0.401,0.0,41.81727189676728,-2.530083434027253,-14.8,41.8,-2.0,4.0,0,0,0,0,1424.0,57.2,-15.7,1424.0,57.3,3.999999046,25.6,1.09,322,119.0,0.21,16,1,54,6,Layer 2 Up
154.69081659985775,3.920131733136225,-8.5,155,4.0,4.0,-0.159,0.0211,327,2.26,1.99e-06,76.86007001145687,4.185124524296634,16.5,77.0,4.0,4.0,-0.0999,0.0176,325,0.907,3.22e-07,40.23812509172232,-2.614245590492922,-8.5,41.2,-2.0,4.0,0,0,0,0,1424.0,57.3,20.9,1424.0,57.3,4.0,25.8,0.959,316,117.0,0.185,16,1,54,6,Layer 2 Up
154.65810909013607,4.35898755889339,-2.25,155,4.0,4.0,0.435,0.029,326,0.813,-3.84e-06,77.26095815845622,4.475292319133484,4.0,77.0,4.0,4.0,-0.899,0.0198,325,2.58,-5.92e-07,40.70023637292696,-1.4173512786193674,142.0,40.6,-2.0,4.0,0,0,0,0,1434.0,57.4,7.69,1434.0,57.3,4.0,19.3,0.837,317,118.0,0.161,16,1,54,6,Layer 2 Up
155.08411875529563,4.128394861332713,16.5,155,4.0,4.0,-0.303,0.0289,327,2.77,1.64e-06,77.93629281145441,3.4598091424686395,4.0,77.0,4.0,4.0,0.0598,0.0181,325,1.4,1.6e-06,40.360841293079964,-0.9845883448855229,123.0,40.0,-2.0,4.0,0,0,0,0,1434.0,57.3,-10.1,1434.0,57.3,4.0,25.1,1.04,322,117.0,0.2,16,1,54,6,Layer 2 Up
155.35109469745225,4.113450171971635,-8.5,155,4.0,4.0,1.19,0.0237,326,1.12,0.0,77.12115676682176,3.879902996664109,16.5,77.0,4.0,4.0,0.38,0.0178,325,0.406,0.0,39.26740087123211,-1.7058766026405232,-102.0,39.4,-2.0,4.0,0,0,0,0,1444.0,57.3,-3.5,1444.0,57.3,3.999999046,27.9,1.05,316,114.0,0.202,16,1,54,6,Layer 2 Up
155.00475094490685,3.582574420055558,-8.5,155,4.0,4.0,0.154,0.0247,326,2.1,4.4e-06,76.39096026874174,4.268575309409771,4.0,77.0,4.0,4.0,-0.1,0.0169,325,1.45,-1.24e-07,39.66003884031598,-2.669575608311092,-39.8,38.8,-2.0,4.0,0,0,0,0,1444.0,57.5,64.2,1444.0,57.3,4.0,14.9,0.84,316,112.0,0.156,16,1,54,6,Layer 2 Up
155.55258076726483,4.300437843258396,16.5,155,4.0,4.0,1.06,0.0223,327,0.921,-8.51e-07,77.55089401447417,4.464312604363504,-8.5,77.0,4.0,4.0,0.0608,0.0215,325,2.22,-1.47e-07,37.78277565156742,-2.3626748039598113,-2.25,38.2,-2.0,4.0,0,0,0,0,1454.0,57.3,18.4,1454.0,57.3,4.0,21.8,0.987,322,116.0,0.191,16,1,54,6,Layer 2 Up
155.35625426343066,3.8765992507014064,-2.25,155,4.0,4.0,0.748,0.022,326,1.11,0.0,77.61552617056175,4.075988281635263,4.0,77.0,4.0,4.0,-0.1,0.0131,325,1.82,-3.52e-07,37.7029476594692,-2.6200597908233076,72.7,37.6,-2.0,4.0,0,0,0,0,1454.0,57.3,12.94,1464.0,57.3,4.0,21.0,0.968,316,118.0,0.187,16,1,2,6,Layer 2 Up
155.35002812108075,4.228570679116301,-8.5,155,4.0,4.0,0.55,0.0236,326,0.615,-2.1e-06,77.43745290783765,3.907352245849199,4.0,77.0,4.0,4.0,0.539,0.0194,325,1.13,8.72e-07,36.983038692162204,-3.166830544667049,-152.0,37.0,-2.0,4.0,0,0,0,0,1464.0,57.4,40.5,1464.0,57.3,4.000000954,20.9,0.803,316,114.0,0.154,16,1,54,6,Layer 2 Up
155.23040120501622,3.785802409539552,16.5,155,4.0,4.0,-0.189,0.019,326,1.5,-2.95e-06,77.4981530861124,4.214645775531221,-2.25,77.0,4.0,4.0,0.38,0.0166,325,1.76,0.0,36.352513841094726,-2.5506695792529115,-171.0,36.4,-2.0,4.0,0,0,0,0,1474.0,57.4,41.4,1474.0,57.3,4.000000954,22.4,0.927,322,117.0,0.177,16,1,54,6,Layer 2 Up
155.96783632665333,4.027015891342071,-8.5,155,4.0,4.0,1.08,0.024,326,0.13,-4.35e-06,76.81896192875469,4.274964833671153,4.0,77.0,4.0,4.0,1.34,0.0232,325,1.33,1.94e-07,35.745873909387456,-1.477904347437205,97.7,35.8,-2.0,4.0,0,0,0,0,1474.0,57.4,57.1,1474.0,57.3,4.0,15.7,0.948,315,119.0,0.182,16,1,54,6,Layer 2 Up
154.9146939312853,4.0784160682409905,-2.25,155,4.0,4.0,0.581,0.0231,326,2.18,2.17e-06,76.37923608402292,3.911158617358616,16.5,77.0,4.0,4.0,-0.579,0.0182,325,1.85,0.0,35.25070912020416,-2.7256494245235814,97.7,35.2,-2.0,4.0,0,0,0,0,1484.0,57.4,33.8,1484.0,57.3,4.0,20.1,0.804,317,115.0,0.153,16,1,54,6,Layer 2 Up
154.16693700825377,3.979746061644647,16.5,155,4.0,4.0,0.123,0.0209,326,1.39,-2.12e-06,76.41986066910252,4.104550035061239,4.0,77.0,4.0,4.0,-0.26,0.0172,325,1.89,0.0,35.00146799685,-1.7300532374067346,123.0,34.6,-2.0,4.0,0,0,0,0,1484.0,57.3,-4.87,1484.0,57.3,4.0,24.0,0.941,322,120.0,0.18,16,1,54,6,Layer 2 Up
155.6670477005519,4.0938526199191365,-2.25,155,4.0,4.0,0.664,0.0266,326,0.728,2.24e-06,75.9071599471013,4.373664651449125,4.0,77.0,4.0,4.0,-0.579,0.0164,325,1.74,-1.25e-07,34.65229235647189,-1.6170533309999422,-77.2,34.0,-2.0,4.0,0,0,0,0,1494.0,57.4,73.7,1494.0,57.3,4.000000954,18.9,0.934,315,119.0,0.18,16,1,54,6,Layer 2 Up
154.80968893693708,3.8967343553537623,-8.5,155,4.0,4.0,0.993,0.0222,326,1.33,7.43e-06,77.158332468443,4.5983747460075595,4.0,77.0,4.0,4.0,0.0605,0.0279,325,0.534,9.29e-07,33.39893461661847,-1.8097865084625688,47.8,33.4,-2.0,4.0,0,0,0,0,1494.0,57.3,-27.7,1494.0,57.3,3.999999046,23.6,0.977,317,114.0,0.189,16,1,54,6,Layer 2 Up
155.04485660382775,3.8343106692369116,16.5,155,4.0,4.0,0.208,0.0203,326,2.87,-7.02e-07,76.94423832344647,4.210051940003579,-8.5,77.0,4.0,4.0,0.22,0.0198,325,1.47,-4.03e-09,33.18601324983963,-1.5054679485886935,117.0,32.8,-2.0,4.0,0,0,0,0,1504.0,57.2,-26.1,1504.0,57.3,3.999999046,27.5,1.11,322,119.0,0.214,16,1,54,6,Layer 2 Up
155.5445101438068,-1.9083199268145499,22.8,155,-2.0,4.0,-3.15,0.0725,326,13.6,0.000941,76.70599389087684,4.01397099919929,-2.25,77.0,4.0,4.0,-0.739,0.0165,325,2.38,3.3e-07,32.167746842231445,3.1970797530929342,-2.25,32.5,4.0,4.0,0,0,0,0,1504.0,57.3,30.1,1504.0,57.3,4.0,22.3,0.958,315,120.0,0.185,16,1,54,6,Layer 2 Up
153.33378174422418,-1.5918247986395087,35.3,154,-2.0,4.0,-4.48,0.0869,326,13.7,0.00103,75.02501301365753,4.007883934620052,16.5,77.0,4.0,4.0,-1.38,0.0228,324,2.69,0.0,32.86264335222991,3.8796553751649423,16.5,32.5,4.0,4.0,0,0,0,0,1514.0,57.4,10.63,1514.0,57.3,4.0,20.8,0.842,317,115.0,0.162,16,1,2,6,Layer 2 Up
153.47956607374775,-2.0435368752331766,60.3,154,-2.0,4.0,-4.12,0.0887,326,16.6,0.00108,76.16652453618424,4.151429123574118,-2.25,77.0,4.0,4.0,0.0602,0.0142,325,1.98,5.04e-07,32.13923337892842,3.978230480131663,-14.8,32.5,4.0,4.0,0,0,0,0,1514.0,57.3,-23.4,1514.0,57.3,4.0,24.5,1.05,321,117.0,0.202,16,1,55,6,Layer 2 Up
152.3341898943697,-1.8829949381362556,-27.3,153,-2.0,4.0,-4.89,0.0916,326,12.9,0.00118,77.74896183569118,3.9633868240544454,4.0,77.0,4.0,4.0,-0.739,0.0157,325,1.76,1.83e-07,33.01637542882957,4.073816880605171,10.25,32.5,4.0,4.0,0,0,0,0,1524.0,57.3,-0.13,1524.0,57.3,3.999999046,25.5,1.06,316,118.0,0.204,16,1,55,6,Layer 2 Up
151.66979875579997,-2.148193984623559,-2.25,152,-2.0,4.0,-6.2,0.103,326,12.7,0.00132,76.55588735255792,4.085025679392663,16.5,77.0,4.0,4.0,0.22,0.0153,325,0.438,0.0,33.546632954306915,4.165735764950189,4.0,32.5,4.0,4.0,0,0,0,0,1524.0,57.5,57.8,1524.0,57.3,4.0,15.3,0.848,317,113.0,0.159,16,1,55,6,Layer 2 Up
152.1828005546731,-2.248052272239578,4.0,152,-2.0,4.0,-5.51,0.102,326,14.7,0.00126,77.2409525426248,3.665157274848019,4.0,77.0,4.0,4.0,-0.26,0.0182,325,2.37,6.38e-07,32.44219910540538,4.106841010530964,4.0,32.5,4.0,4.0,0,0,0,0,1534.0,57.3,15.4,1534.0,57.3,4.0,21.3,0.997,321,116.0,0.192,16,1,55,6,Layer 2 Up
151.2179568923689,-1.5462738336598179,72.7,151,-2.0,4.0,-5.13,0.0846,326,14.7,0.00101,76.0707240041666,4.410549117049797,-2.25,77.0,4.0,4.0,-0.579,0.0177,325,2.99,1.86e-06,31.46193529455759,3.8843655987310353,-2.25,32.5,4.0,4.0,0,0,0,0,1544.0,57.3,-5.87,1544.0,57.3,4.0,23.8,0.892,322,119.0,0.172,16,1,55,6,Layer 2 Up
151.11487458626493,-2.7006528530627705,-64.7,151,-2.0,4.0,-4.35,0.0971,326,13.3,0.00117,77.96136368513916,3.639104710053745,4.0,77.0,4.0,4.0,1.34,0.0242,325,1.43,3.86e-07,32.24051362246856,4.175193001273694,22.8,32.5,4.0,4.0,0,0,0,0,1544.0,57.4,44.2,1544.0,57.3,4.000000954,21.4,0.813,317,114.0,0.156,16,1,55,6,Layer 2 Up
149.41257305769307,-1.3776960510252416,66.5,150,-2.0,4.237,-7.88,0.171,326,16.7,0.00221,76.90375864711027,3.913226462024393,-14.8,77.0,4.203,11.56,1.34,0.026,325,3.74,-2.47e-06,33.083234085790906,4.413328474623426,-14.8,32.5,4.0,4.0,0,0,0,0,1554.0,57.4,46.5,1554.0,57.3,4.000000954,21.9,0.919,322,118.0,0.176,16,1,55,6,Layer 2 Up
149.03946080970255,-2.004248092610345,16.5,149,-1.93,5.15,-5.86,0.0959,326,12.7,0.00117,77.29380916234877,4.880890563023059,22.8,77.1,4.925,11.47,5.5,0.0696,324,3.1,0.000122,32.761855463491386,3.983225360983727,16.5,32.5,4.0,4.0,0,0,0,0,1554.0,57.4,58.6,1554.0,57.3,4.0,16.5,0.963,316,118.0,0.184,16,1,57,6,Layer 2 Up
149.02260017801487,-2.0121509498587953,-46.0,149,-1.77,6.08,-4.18,0.0961,326,13.2,0.00118,78.75411949072372,6.210194187123947,35.3,77.2,5.66,11.27,3.99,0.0703,325,5.92,0.000229,32.61784870976222,4.1389285820970185,4.0,32.5,4.0,4.0,0,0,0,0,1564.0,57.4,38.9,1564.0,57.3,4.0,20.8,0.824,317,115.0,0.158,16,1,57,6,Layer 2 Up
147.80383589662407,-1.2596178849740585,29.0,148,-1.5,7.01,-6.26,0.112,326,14.4,0.00125,78.41330707449923,6.086210891321878,4.0,77.4,6.4,10.94,8.54,0.109,325,6.32,0.000507,32.977556328621674,3.8935614047641303,-8.5,32.5,4.0,4.0,0,0,0,0,1564.0,57.3,-6.3,1564.0,57.3,4.0,25.1,0.959,321,120.0,0.184,16,1,57,6,Layer 2 Up
148.19101224222325,-0.8992477511043,16.5,148,-1.17,7.82,-5.37,0.0958,326,12.2,0.000952,77.3951484448824,6.959190326299919,-2.25,77.7,7.05,10.52,3.68,0.0853,325,10.1,0.00057,32.72936558331565,3.7420820380963473,10.25,32.5,4.0,4.0,0,0,0,0,1574.0,57.4,69.9,1574.0,57.3,4.000000954,19.0,0.948,316,119.0,0.182,16,1,2,6,Layer 2 Up
147.29187176516209,-0.9227739921198405,16.5,147,-0.74,8.61,-5.03,0.077,326,11.3,0.000749,77.60360174474994,7.545653487233073,-21.0,78.0,7.67,9.99,7.21,0.0894,324,6.86,0.000646,33.07653476125838,4.22872827249203,4.0,32.5,4.0,4.0,0,0,0,0,1574.0,57.3,-29.8,1574.0,57.3,3.999999046,25.1,1.0,318,113.0,0.194,16,1,57,6,Layer 2 Up
147.0574806786179,-0.1391371089290515,4.0,147,-0.22,9.36,-4.47,0.0854,326,12.0,0.000739,78.1824661434946,8.995079980498668,10.25,78.4,8.26,9.34,3.15,0.0589,325,9.38,0.00052,32.935303232103216,3.732122184915981,-8.5,32.5,4.0,4.0,0,0,0,0,1584.0,57.2,-25.4,1584.0,57.3,3.999999046,27.2,1.1,321,118.0,0.211,16,1,57,6,Layer 2 Up
146.31606273847612,0.3833074912178482,-14.8,146,0.32,9.96,-6.41,0.108,326,11.2,0.000832,79.14072133957366,7.829826013729367,10.25,78.9,8.74,8.65,5.94,0.104,324,12.4,0.00104,33.22045254238504,4.218915946020163,22.8,32.5,4.0,4.0,0,0,0,0,1584.0,57.3,20.6,1584.0,57.3,4.0,22.2,0.983,317,120.0,0.19,16,1,57,6,Layer 2 Up
146.09530590890787,0.3309796644584998,-21.0,146,0.95,10.5,-3.85,0.078,326,8.72,0.000526,79.22968772086479,8.882609828900728,66.5,79.3,9.16,7.86,6.08,0.119,324,12.9,0.00132,32.669872822461954,4.012360018419174,4.0,32.5,4.0,4.0,0,0,0,0,1594.0,57.4,5.94,1594.0,57.3,4.0,21.6,0.857,318,115.0,0.165,16,1,57,6,Layer 2 Up
146.2204004872898,1.5000920347691231,-2.25,146,1.65,10.95,-5.99,0.099,326,9.69,0.00051,79.63589218055448,10.664517132310733,-8.5,79.9,9.52,6.98,3.63,0.0913,325,14.9,0.00109,32.92859712379741,3.867046936591185,4.0,32.5,4.0,4.0,0,0,0,0,1594.0,57.3,-19.1,1594.0,57.3,4.0,24.2,1.05,320,117.0,0.202,16,1,57,6,Layer 2 Up
145.7069974120605,2.63581035850682,-33.5,146,2.33,11.26,-5.26,0.103,326,7.24,0.000419,81.3803916028983,9.737028077257346,22.8,80.4,9.76,6.12,9.04,0.155,324,15.4,0.0018,32.35458998829766,3.8564573306703562,4.0,32.5,4.0,4.0,0,0,0,0,1604.0,57.3,2.69,1604.0,57.3,3.999999046,25.2,1.06,317,117.0,0.204,16,1,57,6,Layer 2 Up
145.92531771552996,3.342572122274256,-52.3,146,3.067,11.46,-2.87,0.0664,326,4.1,0.000156,80.9236833085123,9.349929744308946,16.5,81.0,9.93,5.19,6.35,0.107,324,14.3,0.00124,32.2152370099823,3.8027277561827812,16.5,32.5,4.0,4.0,0,0,0,0,1604.0,57.5,59.3,1604.0,57.3,4.0,15.4,0.854,318,112.0,0.16,16,1,57,6,Layer 2 Up
145.0818193460758,4.110752086636672,85.2,145,3.85,11.56,-3.01,0.0799,326,9.23,0.0,83.13661848925669,9.786731972485935,16.5,81.7,10.0,4.208,5.48,0.1,325,14.6,0.00121,33.30807302356302,3.28006139313771,4.0,32.5,4.0,4.0,0,0,0,0,1614.0,57.3,19.4,1614.0,57.3,4.0,21.6,1.01,320,116.0,0.195,16,1,57,6,Layer 2 Up
146.34117509410848,10.470285197821239,516.0,146,10.0,4.0,1.95,0.0525,326,13.2,0.000406,81.96063548555102,3.846350957085821,-33.5,81.9,4.0,4.0,0.617,0.0178,325,1.32,-2.65e-06,32.60236259603659,4.192493477377475,16.5,32.5,4.0,4.0,0,0,0,0,1614.0,57.3,9.06,1624.0,57.3,4.0,20.7,0.989,318,119.0,0.191,16,1,57,6,Layer 2 Up
145.8362827305661,10.144136963443973,41.5,146,10.0,4.0,5.58,0.102,326,12.1,0.00128,83.0929754155132,4.2178185461364555,-27.3,81.9,4.0,4.0,-0.555,0.024,325,0.763,3.58e-06,32.88107253562873,4.126287750696319,16.5,32.5,4.0,4.0,0,0,0,0,1624.0,57.4,40.3,1624.0,57.3,4.000000954,21.3,0.836,318,115.0,0.161,16,1,2,6,Layer 2 Up
147.21670093463874,10.279977133182477,22.8,147,10.0,4.0,5.76,0.0978,326,14.0,0.00128,82.1387659748301,4.607245659723523,16.5,81.9,4.0,4.0,-0.522,0.0195,325,1.16,-7.55e-07,32.5585849914266,4.371679415602588,-2.25,32.5,4.0,4.0,0,0,0,0,1634.0,57.4,48.2,1634.0,57.3,4.000000954,22.4,0.927,321,118.0,0.179,16,1,59,6,Layer 2 Up
146.88946443960612,10.24320805830288,4.0,147,10.0,4.0,-1.13,0.0925,326,21.5,0.00112,82.54346409789495,4.072985748129638,-21.0,81.9,4.0,4.0,-0.457,0.0192,325,1.24,-2.02e-06,32.22231283029857,3.7675197050877975,10.25,32.5,4.0,4.0,0,0,0,0,1634.0,57.4,61.5,1634.0,57.3,4.0,16.0,0.96,318,118.0,0.183,16,1,59,6,Layer 2 Up
147.95112605936134,10.480614218934626,66.5,148,10.0,4.0,3.67,0.0843,326,12.8,0.00106,81.4158044788727,3.779144303123035,-21.0,81.9,4.0,4.0,-0.457,0.016,325,1.41,1.35e-06,32.50519987548765,4.8541158555095905,16.5,32.5,4.0,4.0,0,0,0,0,1644.0,57.4,34.6,1644.0,57.3,4.0,21.0,0.837,319,115.0,0.161,16,1,59,6,Layer 2 Up
148.3449133646256,5.0817242162960685,-33.5,148,5.09,12.92,3.35,0.0552,326,8.2,7.53e-05,81.12950581441989,-2.4708692572531037,-196.0,81.7,-1.9,5.62,-3.27,0.103,324,13.8,0.00142,33.17987463570092,3.833888458759944,4.0,32.5,4.0,4.0,0,0,0,0,1644.0,57.3,-2.5,1644.0,57.3,4.0,24.8,0.959,321,121.0,0.185,16,1,59,6,Layer 2 Up
148.17128706677443,5.808725748490974,47.8,149,5.93,12.6,5.82,0.115,326,8.31,0.000421,81.50718212755325,-1.9010134055384666,-8.5,81.1,-1.68,6.9,-8.95,0.154,324,14.5,0.00182,32.76287967676502,3.642192387915415,16.5,32.5,4.0,4.0,0,0,0,0,1654.0,57.4,65.4,1654.0,57.3,4.000000954,18.6,0.957,318,120.0,0.184,16,1,59,6,Layer 2 Up
148.46092782664866,6.621265776982208,47.8,149,6.77,12.06,5.55,0.106,325,10.1,0.000631,81.26056548736736,-1.5470756276133393,-46.0,80.6,-1.32,8.16,-7.5,0.13,324,13.8,0.00142,31.68969913761029,3.590322865857759,16.5,32.5,4.0,4.0,0,0,0,0,1654.0,57.3,-36.8,1654.0,57.3,3.999999046,25.0,1.02,319,114.0,0.196,16,1,59,6,Layer 2 Up
148.38370847861006,7.042399483007955,47.8,149,7.57,11.31,5.89,0.102,326,11.0,0.000754,80.12689997333611,-1.7770525613091173,-71.0,80.1,-0.82,9.37,-1.64,0.0931,324,14.0,0.000973,32.39809202218764,3.2165136770111853,-2.25,32.5,4.0,4.0,0,0,0,0,1664.0,57.2,-15.8,1664.0,57.3,3.999999046,27.6,1.07,320,118.0,0.208,16,1,59,6,Layer 2 Up
148.0296842545321,8.169784435701475,-27.3,149,8.23,10.46,4.28,0.0748,326,11.2,0.000638,78.84041348120357,-0.7953999578198909,10.25,79.6,-0.26,10.37,-7.41,0.137,324,13.7,0.00123,33.34383105224268,4.695432132629517,16.5,32.5,4.0,4.0,0,0,0,0,1664.0,57.3,30.5,1664.0,57.3,4.0,22.6,0.961,318,119.0,0.185,16,1,59,6,Layer 2 Up
149.71797817975462,8.774661057131283,41.5,150,8.82,9.42,6.75,0.111,325,12.7,0.00116,78.39105580551978,-0.03374598153883024,54.0,79.2,0.43,11.27,-4.46,0.0741,324,9.62,0.000571,32.39877738920515,4.6247591713775495,10.25,32.5,4.0,4.0,0,0,0,0,1674.0,57.4,5.56,1674.0,57.3,4.0,20.9,0.861,320,115.0,0.166,16,1,59,6,Layer 2 Up
150.31161402550669,9.383811981592961,10.25,150,9.32,8.22,7.49,0.11,326,12.1,0.00123,77.94636694054147,0.9772018300288008,22.8,78.9,1.23,12.03,-5.02,0.099,324,11.6,0.00052,31.647559265927214,4.237789723923663,-14.8,32.5,4.0,4.0,0,0,0,0,1674.0,57.3,-15.6,1674.0,57.3,4.0,24.8,1.05,320,117.0,0.203,16,1,2,6,Layer 2 Up
150.88154542947623,9.157038781028547,29.0,151,9.67,7.01,5.08,0.0997,326,13.9,0.00116,77.51884949403109,1.9491467300665883,-27.3,78.7,2.02,12.56,-6.99,0.129,324,10.0,0.000541,33.396268302942794,3.6330152701093756,10.25,32.5,4.0,4.0,0,0,0,0,1684.0,57.3,-0.5,1684.0,57.3,3.999999046,25.2,1.06,319,117.0,0.204,16,1,59,6,Layer 2 Up
152.082240960359,10.119501506202141,-14.8,152,9.9,5.69,4.14,0.0719,326,13.2,0.000902,78.57315969106772,2.420361105190993,-14.8,78.5,2.9,12.91,-1.8,0.041,324,3.69,0.000105,32.82308028673769,4.817320210624954,16.5,32.5,4.0,4.0,0,0,0,0,1684.0,57.5,52.1,1684.0,57.3,4.0,14.9,0.853,319,112.0,0.16,16,1,59,6,Layer 2 Up
152.45289577763387,10.533611342838732,-58.5,152,10.0,4.273,4.12,0.067,326,14.0,0.000769,79.25177052133216,2.82995565801808,41.5,78.5,3.837,13.07,-5.46,0.0846,325,6.9,4.06e-05,32.46685225266208,3.846144110572441,4.0,32.5,4.0,4.0,0,0,0,0,1694.0,57.3,21.6,1694.0,57.3,4.0,19.0,1.01,320,118.0,0.195,16,1,59,6,Layer 2 Up
153.55205084856135,10.173048113623162,54.0,153,10.0,4.0,3.57,0.0817,325,13.3,0.00101,78.49103537832084,3.544577364440834,-58.5,78.5,4.0,4.0,-3.21,0.0671,324,3.33,2.08e-05,32.32415142759146,3.8823174479226763,4.0,32.5,4.0,4.0,0,0,0,0,1694.0,57.3,6.06,1704.0,57.3,4.0,20.5,0.993,320,119.0,0.191,16,1,59,6,Layer 2 Up
152.97125250117048,9.88188314959341,-8.5,153,10.0,4.0,5.3,0.0967,326,14.0,0.00121,76.98955836500062,3.750645320601498,-52.3,78.5,4.0,4.0,-2.6,0.0678,324,3.72,2e-05,33.01244198434145,4.653714037647655,10.25,32.5,4.0,4.0,0,0,0,0,1704.0,57.4,39.9,1704.0,57.3,4.000000954,19.6,0.828,320,116.0,0.159,16,1,61,6,Layer 2 Up
154.56281994725754,9.940782785729825,-2.25,154,10.0,4.0,5.49,0.106,326,15.6,0.0013,78.3725311181651,3.908360993380617,54.0,78.5,4.0,4.0,-4.66,0.0636,325,5.03,-2.84e-05,32.2433967257346,4.263233582696902,-2.25,32.5,4.0,4.0,0,0,0,0,1714.0,57.4,44.0,1714.0,57.3,4.000000954,22.6,0.932,320,118.0,0.179,16,1,61,6,Layer 2 Up
155.03830619204916,10.77708676329283,66.5,155,10.0,4.0,4.64,0.0854,326,13.6,0.0011,78.39121537016524,4.380965309096155,-46.0,78.5,4.0,4.0,-2.88,0.0643,325,3.65,1.98e-05,33.043644617351966,4.987849677196299,16.5,32.5,4.0,4.0,0,0,0,0,1724.0,57.4,31.2,1724.0,57.3,4.0,19.6,0.842,320,116.0,0.16,16,1,61,6,Layer 2 Up
155.65181047778353,9.82925926588261,35.3,156,10.0,4.0,4.33,0.0804,326,14.2,0.00102,79.900576495517,3.9307993458807733,66.5,78.5,4.0,4.0,-4.02,0.0618,325,6.06,-1.91e-05,32.75670359193666,4.0838009661351915,-14.8,32.5,4.0,4.0,0,0,0,0,1724.0,57.3,-5.94,1724.0,57.3,4.0,25.3,0.979,320,120.0,0.189,16,1,2,6,Layer 2 Up
155.752848801504,10.159700811756908,-21.0,156,10.0,4.0,3.21,0.0693,326,14.8,0.000842,77.52631949978867,4.378833000567177,54.0,78.5,4.0,4.0,-4.33,0.0575,325,5.54,-3.51e-05,32.61584521446121,3.801323005732634,-2.25,32.5,4.0,4.0,0,0,0,0,1734.0,57.3,-35.5,1734.0,57.3,4.0,23.2,0.924,321,115.0,0.177,16,1,61,6,Layer 2 Up
156.38439408364417,9.815066100643008,10.25,157,10.0,4.0,5.3,0.0917,326,13.0,0.00115,78.23894360983445,3.8689915606194005,-58.5,78.5,4.0,4.0,-2.89,0.0624,324,3.35,-1.88e-05,32.56889431574403,3.732372316328762,4.0,32.5,4.0,4.0,0,0,0,0,1734.0,57.3,1.06,1734.0,57.3,4.000000954,17.5,0.791,322,121.0,0.151,16,1,61,6,Layer 2 Up
156.63071464281072,10.01929374198072,47.8,157,10.0,4.0,4.52,0.0814,326,12.8,0.00104,79.63987528328842,3.8366095590704066,-71.0,78.5,4.0,4.0,-3.07,0.0593,325,2.93,0.0,32.417160984831064,3.1920507305273222,4.0,32.5,4.0,4.0,0,0,0,0,1744.0,57.2,-63.2,1744.0,57.3,3.999999046,24.1,1.1,322,119.0,0.211,16,1,61,6,Layer 2 Up
157.85113694295123,10.13543070560448,66.5,158,10.0,4.0,5.94,0.0916,326,10.2,0.00117,78.8006819962626,3.585582485556408,-64.7,78.5,4.0,4.0,-3.05,0.0586,325,3.37,-8.98e-06,32.99506069454708,3.878131176503395,4.0,32.5,4.0,4.0,0,0,0,0,1744.0,57.5,64.0,1744.0,57.3,4.0,18.0,0.838,322,118.0,0.158,16,1,61,6,Layer 2 Up
159.33413001842646,10.345834383600279,16.5,159,10.0,4.0,6.83,0.115,326,14.1,0.00153,78.87641389351958,4.131393907863419,79.0,78.5,4.0,4.0,-4.51,0.069,325,5.32,0.0,32.090301466822126,4.5006904526221065,4.0,32.5,4.0,4.0,0,0,0,0,1754.0,57.3,-5.06,1754.0,57.3,4.0,18.4,0.902,320,119.0,0.174,16,1,61,6,Layer 2 Up
159.71549474110378,10.659118761018151,72.7,159,10.0,4.0,5.06,0.0973,326,12.6,0.00127,78.57656696800531,3.6078290763077425,-71.0,78.5,4.0,4.0,-3.2,0.0598,325,3.34,2.79e-05,31.732095857577434,4.286953781121882,16.5,32.5,4.0,4.0,0,0,0,0,1754.0,57.5,57.8,1754.0,57.3,4.0,13.1,0.849,322,119.0,0.161,16,1,61,6,Layer 2 Up
159.42529001404387,10.261661107078638,97.7,160,9.96,2.94,4.4,0.0965,326,13.9,0.00126,78.72047301556901,4.80381669542642,41.5,78.5,4.716,13.01,4.05,0.0761,325,5.51,0.000122,32.790908074506426,4.033883526272309,16.5,32.5,4.0,4.0,0,0,0,0,1764.0,57.4,0.5,1764.0,57.3,4.0,19.1,0.774,322,118.0,0.148,16,1,61,6,Layer 2 Up
160.16333735204472,9.419359037645194,-109.0,160,9.79,1.65,5.51,0.0843,326,13.6,0.000957,79.11960986650445,5.405221433303497,-2.25,78.6,5.57,12.76,5.37,0.0851,325,7.94,0.000284,32.798861222975184,3.5647762745901757,4.0,32.5,4.0,4.0,0,0,0,0,1764.0,57.3,-4.87,1764.0,57.3,4.000000954,22.9,0.85,321,123.0,0.162,16,1,61,6,Layer 2 Up
160.56734264927798,10.112349685863528,-14.8,161,9.5,0.41,6.9,0.0965,326,11.8,0.00109,78.25908960510503,6.101003035979047,29.0,78.8,6.39,12.33,4.65,0.0863,325,9.07,0.00044,32.727371266573996,4.099243242314266,4.0,32.5,4.0,4.0,0,0,0,0,1774.0,57.3,5.94,1774.0,57.3,4.0,18.2,1.04,323,120.0,0.198,16,1,61,6,Layer 2 Up
161.1973786756725,8.974387408050703,41.5,161,9.08,-0.8,5.75,0.101,326,11.9,0.00105,79.58673136478427,7.263957893662978,29.0,79.1,7.19,11.69,3.5,0.062,325,8.38,0.000347,32.69303992449071,4.443044822360811,4.0,32.5,4.0,4.0,0,0,0,0,1774.0,57.3,-19.9,1774.0,57.3,4.0,28.9,0.964,322,118.0,0.185,16,1,61,6,Layer 2 Up
161.94549427384345,8.482204161829927,4.0,162,8.54,-1.91,3.6,0.0858,326,13.7,0.000811,78.4825396467832,8.015105053707709,72.7,79.4,7.92,10.88,5.31,0.0997,324,11.0,0.000817,32.34823942840065,4.188413659383997,4.0,32.5,4.0,4.0,0,0,0,0,1784.0,57.4,18.3,1784.0,57.3,4.0,16.4,0.814,323,120.0,0.157,16,1,61,6,Layer 2 Up
161.2387107990134,7.328533833399171,-2.25,162,7.9,-2.88,5.34,0.0864,326,10.5,0.000637,80.01942019983501,8.708177603591691,72.7,79.9,8.56,9.91,5.41,0.134,324,14.4,0.00139,32.87283547851902,4.07293656595737,4.0,32.5,4.0,4.0,0,0,0,0,1784.0,57.3,23.0,1794.0,57.3,4.000000954,21.1,0.94,323,120.0,0.181,16,1,61,6,Layer 2 Up
163.38598515828212,7.610162185801619,-2.25,163,7.11,-3.75,3.29,0.0603,326,7.91,0.000332,80.41943728112336,8.946051972232851,29.0,80.4,9.13,8.72,6.06,0.0988,324,12.6,0.00103,32.47843040120835,3.6763791627069766,16.5,32.5,4.0,4.0,0,0,0,0,1794.0,57.4,11.0,1794.0,57.3,4.0,18.1,0.77,322,118.0,0.148,16,1,61,6,Layer 2 Up
162.74844117990762,6.784463954448659,66.5,163,6.36,-4.33,4.37,0.0963,326,9.81,0.000495,80.38818409907037,9.353468199949383,-39.8,80.9,9.51,7.6,6.12,0.0881,325,12.4,0.000982,32.26937497607475,4.379339666136992,4.0,32.5,4.0,4.0,0,0,0,0,1804.0,57.5,65.3,1804.0,57.3,4.0,12.7,0.763,323,118.0,0.144,16,1,61,6,Layer 2 Up
162.77800470120312,6.440334784181286,72.7,163,5.51,-4.77,4.57,0.0878,326,7.26,0.000295,81.38484137291971,9.775387057550418,54.0,81.4,9.81,6.3,4.63,0.102,324,14.4,0.00129,32.352334348420506,2.629980807967228,4.0,32.5,4.0,4.0,0,0,0,0,1804.0,57.2,-20.4,1804.0,57.3,4.0,24.0,1.05,322,120.0,0.201,16,1,2,6,Layer 2 Up
162.55519778956014,4.41676751158486,54.0,163,4.615,-5.02,5.76,0.0913,326,5.27,0.000101,81.58400972078577,9.952313714968218,22.8,82.0,9.97,4.957,8.25,0.136,325,15.2,0.00177,33.45667646389196,4.1674718738556535,4.0,32.5,4.0,4.0,0,0,0,0,1814.0,57.3,-9.6,1814.0,57.3,4.0,23.3,0.952,322,118.0,0.184,16,1,61,6,Layer 2 Up
162.72794952864504,4.578400642796874,79.0,163,4.0,4.0,2.22,0.054,326,3.26,-2.48e-05,81.68387376736007,5.303435169780155,410.0,82.5,10.0,129.0,12.1,0.203,325,14.1,0.00161,31.678571625553076,5.124360619940482,4.0,32.5,4.0,4.0,0,0,0,0,1814.0,57.4,3.375,1814.0,57.3,4.000000954,17.4,0.779,323,121.0,0.149,16,1,61,6,Layer 2 Up
163.17791650837947,4.2206053371778065,97.7,163,4.0,4.0,1.15,0.0395,326,3.51,5.7e-06,82.76370954633484,9.500906210663816,-58.5,83.1,10.0,4.0,6.52,0.116,324,14.7,0.00143,32.736625815380464,3.3401777483695274,4.0,32.5,4.0,4.0,0,0,0,0,1824.0,57.2,-61.9,1824.0,57.3,3.999999046,24.8,1.09,322,118.0,0.208,16,1,63,6,Layer 2 Up
162.92131235202334,4.411826748460896,97.7,163,4.0,4.0,2.28,0.043,326,1.86,5.97e-06,82.8622989236739,9.53635596300574,-46.0,83.7,10.0,4.0,7.92,0.1,324,11.7,0.00126,31.705021346776288,3.8944154422151467,4.0,32.5,4.0,4.0,0,0,0,0,1824.0,57.4,56.7,1824.0,57.3,4.0,18.3,0.853,323,119.0,0.16,16,1,63,6,Layer 2 Up
163.13665740180627,3.6658943089420872,85.2,163,4.0,4.0,0.946,0.0476,326,4.1,0.0,84.41569790581835,10.316492336065727,29.0,84.3,10.0,4.0,5.57,0.0992,325,11.2,0.00127,32.44875667965705,3.9965394196420045,4.0,32.5,4.0,4.0,0,0,0,0,1834.0,57.4,13.19,1834.0,57.3,4.0,17.9,0.804,323,122.0,0.154,16,1,63,6,Layer 2 Up
163.15048682193665,4.6063124314945725,91.5,163,4.0,4.0,1.44,0.0425,326,3.22,-1.72e-05,84.03149633998035,10.499459552219388,72.7,84.9,10.0,4.0,5.62,0.131,324,14.7,0.00172,32.29469808031833,3.797647958721761,4.0,32.5,4.0,4.0,0,0,0,0,1834.0,57.3,-0.38,1834.0,57.3,4.0,21.5,1.01,323,119.0,0.194,16,1,63,6,Layer 2 Up
163.54913007666318,4.456073259808002,110.0,163,4.0,4.0,0.656,0.0427,326,3.85,-4.4e-06,85.8757532816478,9.830123972210645,66.5,85.5,10.0,4.0,8.34,0.157,325,16.5,0.00204,31.512838607896878,4.453351134407576,4.0,32.5,4.0,4.0,0,0,0,0,1844.0,57.4,21.3,1844.0,57.3,4.000000954,22.5,0.875,323,119.0,0.168,16,1,63,6,Layer 2 Up
162.85746978833276,4.138568497031921,79.0,163,4.0,4.0,0.307,0.0387,326,4.7,-1.07e-05,85.21051870269079,10.6978636028579,47.8,86.1,10.0,4.0,8.65,0.147,325,15.3,0.0019,32.68419073255004,4.206668782872415,4.0,32.5,4.0,4.0,0,0,0,0,1844.0,57.3,-34.4,1844.0,57.3,3.999999046,22.7,0.963,323,113.0,0.186,16,1,63,6,Layer 2 Up
162.38592368242814,4.014529709861787,-77.2,163,4.0,4.0,3.38,0.057,326,4.92,1.7e-05,86.32159359674797,10.210340345880251,10.25,86.7,10.0,4.0,7.74,0.138,324,16.8,0.00179,32.32007011457676,4.066622214089901,4.0,32.5,4.0,4.0,0,0,0,0,1854.0,57.3,9.88,1854.0,57.3,3.999999046,17.4,1.02,318,121.0,0.197,16,1,63,6,Layer 2 Up
163.44375024062802,3.9251026989825517,72.7,163,4.0,4.0,-0.0124,0.0522,326,4.39,-1.66e-05,86.78263102376759,10.23285117244932,10.25,87.3,10.0,4.0,6.31,0.104,325,14.2,0.00129,31.506125979808406,4.348758590473708,4.0,32.5,4.0,4.0,0,0,0,0,1854.0,57.3,-23.4,1854.0,57.3,4.0,25.9,0.964,322,120.0,0.185,16,1,2,6,Layer 2 Up
162.86216747900968,3.6297644529349613,-89.7,163,4.0,4.0,4.54,0.0571,326,3.28,0.0,88.78548209361945,10.101713122081373,10.25,87.9,10.0,4.0,5.78,0.0979,325,14.3,0.00122,32.89749542323901,4.007327423480783,4.0,32.5,4.0,4.0,0,0,0,0,1864.0,57.2,-37.6,1864.0,57.3,4.0,25.1,0.917,320,123.0,0.175,16,1,63,6,Layer 2 Up
163.46344666098008,3.7138431318474243,-71.0,163,4.0,4.0,2.25,0.0573,326,5.65,1.67e-05,88.72070448967894,10.336475354773386,-58.5,88.5,10.0,4.0,5.89,0.0821,325,13.3,0.000981,33.17940694070956,5.390998650941933,4.0,32.5,4.0,4.0,0,0,0,0,1864.0,57.3,7.94,1874.0,57.3,4.0,18.4,0.99,318,121.0,0.192,16,1,63,6,Layer 2 Up
163.15940790184342,3.6056811843957024,72.7,163,4.0,4.0,0.831,0.0413,326,3.49,-1.81e-05,88.85851642940234,9.950895357348033,4.0,89.1,10.0,4.0,3.12,0.053,325,11.6,0.000653,33.205502761037145,4.066205142162714,4.0,32.5,4.0,4.0,0,0,0,0,1874.0,57.3,-20.3,1874.0,57.3,3.999999046,21.0,0.981,322,116.0,0.189,16,1,63,6,Layer 2 Up
162.94547311818093,4.353178770936049,60.3,163,3.9017,-5.07,2.75,0.0414,326,1.73,-4.84e-06,89.93325149976567,8.489466373940498,554.0,89.6,10.0,3.879,26.8,0.336,324,22.8,0.00411,32.66994874372791,4.085424123105569,4.0,32.5,4.0,4.0,0,0,0,0,1884.0,57.5,61.4,1884.0,57.3,4.0,12.2,0.759,323,119.0,0.143,16,1,63,6,Layer 2 Up
163.1450207421668,3.6250820806795465,104.0,163,2.96,-4.94,-5.21,0.0795,326,6.18,0.000187,88.79194378198659,9.758790749476539,-58.5,90.2,9.91,2.46,4.21,0.0796,325,14.2,0.000969,32.52180633052696,3.2517735400995083,4.0,32.5,4.0,4.0,0,0,0,0,1884.0,57.4,58.5,1884.0,57.3,4.0,14.5,0.89,317,119.0,0.17,16,1,63,6,Layer 2 Up
163.81122948654436,1.9439498699057853,-39.8,163,2.12,-4.62,-4.05,0.0876,326,9.35,0.000297,90.77117751534354,10.106689311721805,47.8,90.8,9.7,1.18,6.93,0.128,324,13.9,0.00161,33.128818774739045,3.76227330605126,4.0,32.5,4.0,4.0,0,0,0,0,1894.0,57.3,-2.31,1894.0,57.3,4.0,23.1,0.944,322,118.0,0.182,16,1,63,6,Layer 2 Up
163.86360686885473,1.322299672363114,10.25,163,1.25,-4.08,-4.69,0.087,326,9.05,0.000541,92.63476768847997,9.267958686122302,-14.8,91.4,9.33,-0.13,6.78,0.122,325,15.2,0.00137,33.29652833719348,4.501908434499014,4.0,32.5,4.0,4.0,0,0,0,0,1894.0,57.3,-17.1,1894.0,57.3,4.0,21.4,0.919,319,121.0,0.177,16,1,63,6,Layer 2 Up
163.02884862136713,0.32198601875975263,-39.8,162,0.48,-3.36,-5.56,0.0975,326,9.92,0.000748,91.88843583809934,9.157193562095932,-64.7,91.9,8.86,-1.3,1.56,0.0404,325,9.69,0.000363,33.0366906821155,3.415818289184698,4.0,32.5,4.0,4.0,0,0,0,0,1904.0,57.4,60.4,1904.0,57.3,4.000000954,19.8,0.903,317,119.0,0.174,16,1,63,6,Layer 2 Up
162.06660712258943,-0.003555347804475459,-33.5,162,-0.24,-2.44,-6.72,0.116,326,11.8,0.000986,92.3453805559113,9.068099091362667,91.5,92.4,8.25,-2.39,7.0,0.14,324,12.4,0.00145,32.054226879503446,3.0561990520877584,4.0,32.5,4.0,4.0,0,0,0,0,1904.0,57.4,12.5,1904.0,57.3,4.000000954,19.2,0.73,323,118.0,0.14,16,1,63,6,Layer 2 Up
162.4474998101926,-0.8843779152349716,-2.25,162,-0.81,-1.45,-6.28,0.11,326,10.7,0.00111,93.06626726278826,7.520930210542828,-8.5,92.7,7.59,-3.25,6.29,0.108,324,11.8,0.000814,32.59532717896872,4.014136066799217,4.0,32.5,4.0,4.0,0,0,0,0,1914.0,57.3,-3.31,1914.0,57.3,4.0,17.4,0.901,318,119.0,0.173,16,1,63,6,Layer 2 Up
160.6483748083313,-1.459544288494675,16.5,161,-1.28,-0.34,-4.01,0.0732,326,13.4,0.000759,93.59845629817906,7.0028747366804325,-2.25,93.0,6.86,-3.97,8.06,0.121,324,9.66,0.000724,32.70808991875142,4.599617929438622,4.0,32.5,4.0,4.0,0,0,0,0,1914.0,57.3,-2.75,1914.0,57.3,4.0,21.6,1.01,322,120.0,0.195,16,1,2,6,Layer 2 Up
161.13849039872136,-1.290907570545726,-14.8,161,-1.65,0.91,-6.03,0.106,326,14.3,0.00121,91.96526404162277,5.922606288200671,-14.8,93.3,6.03,-4.53,3.9,0.0682,324,7.43,0.000289,31.643232727798303,3.993539227740294,-8.5,32.5,4.0,4.0,0,0,0,0,1924.0,57.3,15.9,1924.0,57.3,4.000000954,22.3,0.886,322,119.0,0.17,16,1,63,6,Layer 2 Up
159.9892462481816,-2.0687647424998508,-8.5,160,-1.89,2.23,-4.99,0.0893,326,12.8,0.0011,92.27584526091492,5.053282127306227,91.5,93.4,5.15,-4.9,1.81,0.0613,325,7.69,0.000158,32.72221987245328,3.852965788182181,4.0,32.5,4.0,4.0,0,0,0,0,1924.0,57.3,-39.3,1924.0,57.3,3.999999046,18.0,0.95,322,118.0,0.183,16,1,63,6,Layer 2 Up
159.13052278719636,-1.4759181750809045,-2.25,159,-2.0,3.644,-5.41,0.0932,326,13.1,0.00117,93.64051966370471,4.785905030023481,-33.5,93.5,4.218,-5.07,7.06,0.112,325,6.4,5.39e-05,33.5761531528113,3.187023779385639,4.0,32.5,4.0,4.0,0,0,0,0,1934.0,57.3,13.44,1934.0,57.3,3.999999046,18.5,1.02,316,120.0,0.197,16,1,63,6,Layer 2 Up
158.653485906565,-2.036394448041373,-14.8,159,-2.0,4.0,-4.51,0.0836,326,14.3,0.00103,93.02230920477315,4.10693770966744,41.5,93.5,4.0,4.0,4.58,0.0815,325,5.61,-1.3e-05,32.802979234044436,4.172833862660741,-8.5,32.5,4.0,4.0,0,0,0,0,1934.0,57.3,-21.6,1934.0,57.3,4.0,26.3,0.972,322,120.0,0.185,16,1,63,6,Layer 2 Up
157.33905908768665,-2.452075415123755,-71.0,158,-2.0,4.0,-4.51,0.0913,326,13.5,0.00118,94.37671414097557,3.9027333014491155,54.0,93.5,4.0,4.0,4.0,0.0795,325,6.1,-1.23e-05,33.197590776554485,4.289267919306245,4.0,32.5,4.0,4.0,0,0,0,0,1944.0,57.4,15.3,1944.0,57.3,4.0,16.6,0.808,323,120.0,0.156,16,1,65,6,Layer 2 Up
157.13805511929388,-1.5695331346348835,-27.3,158,-2.0,4.0,-5.26,0.1,326,14.8,0.00125,93.28939594195145,3.9033140239647754,54.0,93.5,4.0,4.0,3.73,0.0799,325,6.04,-2.52e-05,32.58660139525087,3.2205996477837386,4.0,32.5,4.0,4.0,0,0,0,0,1944.0,57.3,14.9,1954.0,57.3,4.000000954,21.9,0.934,323,120.0,0.18,16,1,65,6,Layer 2 Up
156.5353925654919,-1.614675211977593,47.8,157,-2.0,4.0,-6.01,0.116,325,14.4,0.0014,92.2073187529317,3.6945372608346565,-39.8,93.5,4.0,4.0,5.38,0.0949,324,6.11,7.57e-05,32.465334617881965,4.496289420865088,4.0,32.5,4.0,4.0,0,0,0,0,1954.0,57.3,-27.1,1954.0,57.3,3.999999046,21.2,1.01,322,117.0,0.194,16,1,65,6,Layer 2 Up
156.8092831776194,-1.8864497077832132,4.0,157,-2.0,4.0,-1.86,0.0818,326,16.0,0.001,92.65269487268104,3.850597790982348,41.5,93.5,4.0,4.0,1.76,0.0766,324,9.12,-2.41e-05,32.68051380731895,4.309945544783972,-8.5,32.5,4.0,4.0,0,0,0,0,1964.0,57.5,66.0,1964.0,57.3,4.0,12.8,0.766,323,117.0,0.143,16,1,65,6,Layer 2 Up
155.87809116908974,-1.8502096369469958,-77.2,156,-2.0,4.0,-4.0,0.0839,326,13.4,0.0011,91.66262695625791,3.693853533345774,47.8,93.5,4.0,4.0,1.76,0.0767,324,8.73,-3.61e-05,32.11374501687984,4.470319833300864,-8.5,32.5,4.0,4.0,0,0,0,0,1964.0,57.2,-27.2,1964.0,57.3,4.0,23.8,1.06,322,121.0,0.203,16,1,65,6,Layer 2 Up
155.8054991922316,-2.3217871009792255,4.0,155,-2.0,4.0,-3.37,0.0766,326,14.4,0.000968,93.34355395036211,3.6000816440465817,41.5,93.5,4.0,4.0,4.02,0.0795,324,5.61,-1.26e-05,32.04369844427544,4.255256982926103,4.0,32.5,4.0,4.0,0,0,0,0,1974.0,57.4,19.4,1974.0,57.3,4.0,20.9,0.811,323,117.0,0.154,16,1,2,6,Layer 2 Up
155.45987117250198,-1.8573861546862078,47.8,155,-2.0,4.0,-5.45,0.094,326,14.1,0.00107,93.37411901808309,4.038276526830548,47.8,93.5,4.0,4.0,3.17,0.0755,325,6.84,-3.59e-05,33.099534774406834,4.285946702853688,4.0,32.5,4.0,4.0,0,0,0,0,1974.0,57.4,6.19,1974.0,57.3,4.000000954,18.0,0.791,323,120.0,0.151,16,1,65,6,Layer 2 Up
153.599963271242,-2.080370791707019,41.5,154,-2.0,4.0,-3.32,0.0637,326,13.2,0.000769,93.21636791554383,3.912325012964313,47.8,93.5,4.0,4.0,3.73,0.0751,325,6.24,-3.58e-05,33.14973860536252,4.20278394178658,-8.5,32.5,4.0,4.0,0,0,0,0,1984.0,57.2,-71.3,1984.0,57.3,3.999999046,24.8,1.09,322,119.0,0.208,16,1,65,6,Layer 2 Up
154.1445769007918,-2.559212533446917,-46.0,154,-2.0,4.0,-2.29,0.0789,326,15.5,0.001,94.22092248309237,4.425441960695237,35.3,93.5,4.0,4.0,4.02,0.0739,325,6.11,-3.51e-05,32.030758459357436,4.354904185173477,-8.5,32.5,4.0,4.0,0,0,0,0,1984.0,57.4,57.6,1984.0,57.3,4.0,17.0,0.843,322,120.0,0.158,16,1,65,6,Layer 2 Up
152.83073718980236,-2.0774409892061523,-27.3,153,-2.0,4.0,-4.49,0.0969,326,15.7,0.0012,94.30086818384582,4.142765655633492,29.0,93.5,4.0,4.0,4.29,0.0755,325,6.04,-1.2e-05,32.95830123695643,3.1794033284646233,-8.5,32.5,4.0,4.0,0,0,0,0,1994.0,57.4,13.56,1994.0,57.3,4.0,18.5,0.805,323,121.0,0.154,16,1,65,6,Layer 2 Up
151.88176174001148,-1.5073808254571226,29.0,152,-2.0,4.0,-5.18,0.0938,326,14.2,0.00113,93.38614400612829,4.133979287566027,22.8,93.5,4.0,4.0,3.72,0.0762,325,6.47,-6e-05,32.45882860164863,3.3433771613570564,4.0,32.5,4.0,4.0,0,0,0,0,1994.0,57.3,-5.19,1994.0,57.3,4.0,21.9,1.01,322,120.0,0.195,16,1,65,6,Layer 2 Up
152.07705825912726,-1.9602716830538853,-52.3,152,-2.0,4.0,-4.79,0.0959,326,14.3,0.00122,92.07356700452445,3.839784908477053,41.5,93.5,4.0,4.0,3.46,0.0767,324,6.5,-3.63e-05,32.66088314291787,3.6780409983365807,4.0,32.5,4.0,4.0,0,0,0,0,2004.0,57.4,-5.19,2004.0,57.3,4.0,19.7,0.773,323,119.0,0.148,16,1,65,6,Layer 2 Up
151.2574508629891,-2.345463641937618,60.3,151,-2.0,4.0,-4.94,0.0866,326,13.4,0.00107,93.91247642569446,3.8866916591104674,-33.5,93.5,4.0,4.0,5.97,0.0936,325,4.43,5.93e-05,32.71789156219124,3.943211515995016,4.0,32.5,4.0,4.0,0,0,0,0,2004.0,57.3,2.62,2004.0,57.3,4.000000954,22.8,0.837,318,122.0,0.159,16,1,65,6,Layer 2 Up
150.858936589486,-2.5270950128937595,16.5,151,-2.0,4.0,-4.1,0.0907,326,13.9,0.00107,93.87109968816078,4.18926534215363,41.5,93.5,4.0,4.0,5.43,0.0765,324,4.72,-2.32e-05,32.97077749204413,4.1697864605866215,4.0,32.5,4.0,4.0,0,0,0,0,2014.0,57.3,6.44,2014.0,57.3,4.000000954,19.4,0.912,322,120.0,0.176,16,1,65,6,Layer 2 Up
150.4423486297821,-1.76090014282101,-58.5,150,-2.0,4.0,-5.24,0.0957,326,13.5,0.00125,93.70673989477632,4.301692800725592,41.5,93.5,4.0,4.0,3.16,0.0794,324,6.7,-3.69e-05,32.53916312091954,4.142028612607332,4.0,32.5,4.0,4.0,0,0,0,0,2014.0,57.2,-79.4,2014.0,57.3,3.999999046,22.9,0.919,322,117.0,0.176,16,1,65,6,Layer 2 Up
148.52518298457343,-2.0565351095026836,-58.5,149,-2.0,4.0,-5.23,0.107,325,14.7,0.00138,94.15583887755612,4.04528102802283,41.5,93.5,4.0,4.0,4.02,0.076,324,5.58,-6.04e-05,33.167644405876814,4.488666319636042,4.0,32.5,4.0,4.0,0,0,0,0,2024.0,57.4,40.3,2024.0,57.3,4.0,23.1,0.995,322,115.0,0.19,16,1,2,6,Layer 2 Up
149.00263577713974,-2.120204704999762,47.8,149,-2.0,4.0,-5.52,0.101,326,14.3,0.0013,92.72164512118832,4.291568063449709,-21.0,93.5,4.0,4.0,4.86,0.0749,324,5.15,-3.55e-05,32.64649221313608,4.502397324336762,4.0,32.5,4.0,4.0,0,0,0,0,2024.0,57.3,15.3,2034.0,57.3,4.0,20.0,0.979,316,119.0,0.189,16,1,65,6,Layer 2 Up
149.08011069047126,-2.110496912707949,16.5,148,-2.0,4.0,-5.23,0.0962,326,13.4,0.00116,94.84227922551551,4.052528804224568,29.0,93.5,4.0,4.0,3.73,0.0776,325,6.51,-3.64e-05,32.7955214642991,3.6183842069359806,4.0,32.5,4.0,4.0,0,0,0,0,2034.0,57.4,5.19,2034.0,57.3,4.0,19.1,0.765,323,117.0,0.147,16,1,65,6,Layer 2 Up
148.0927563813616,-2.2540229473201943,16.5,148,-1.9,6.41,-5.56,0.0918,326,13.6,0.00111,92.8588965832863,5.300954765405465,35.3,93.6,5.08,17.5,7.55,0.141,325,9.15,0.00032,32.105489929724605,4.104362638217316,4.0,32.5,4.0,4.0,0,0,0,0,2044.0,57.4,60.1,2044.0,57.3,4.000000954,21.4,0.92,323,119.0,0.177,16,1,65,6,Layer 2 Up
147.59592946353294,-1.0119043464010475,22.8,147,-1.52,9.31,-6.11,0.111,325,13.1,0.00128,94.20064153026193,6.0149502517967495,-27.3,93.7,6.39,16.7,2.64,0.0511,325,7.2,0.000223,33.522022021224636,3.6291249066580766,4.0,32.5,4.0,4.0,0,0,0,0,2044.0,57.5,64.1,2044.0,57.3,4.0,14.8,0.866,315,118.0,0.165,16,1,65,6,Layer 2 Up
147.03805401803416,-1.185476273596615,-39.8,147,-0.82,12.15,-4.75,0.0924,326,12.0,0.000945,92.87249001445923,7.17627313931675,54.0,94.0,7.58,15.1,2.15,0.0687,324,9.8,0.000491,32.72243967910377,3.917653290788343,4.0,32.5,4.0,4.0,0,0,0,0,2054.0,57.4,9.63,2054.0,57.3,4.0,15.9,0.813,323,117.0,0.155,16,1,65,6,Layer 2 Up
146.24148665901495,0.43173324718884765,60.3,146,0.12,14.5,-3.88,0.0637,326,10.5,0.000527,93.77838376312974,8.514941933078532,41.5,94.4,8.58,12.93,5.83,0.105,325,12.5,0.000984,32.83757025364614,4.140764287850776,4.0,32.5,4.0,4.0,0,0,0,0,2054.0,57.3,-8.9,2054.0,57.3,4.0,21.4,0.906,318,121.0,0.175,16,1,65,6,Layer 2 Up
145.9763895924747,1.2151749215916925,-14.8,146,1.26,16.2,-5.61,0.0924,326,9.45,0.000547,95.91325932800008,9.329582129843915,-21.0,94.9,9.34,10.32,6.58,0.118,324,13.6,0.00128,31.738600767824583,2.5088943517917457,4.0,32.5,4.0,4.0,0,0,0,0,2064.0,57.3,-9.8,2064.0,57.3,4.0,21.3,0.936,322,118.0,0.181,16,1,65,6,Layer 2 Up
145.92914466190717,2.769986748920412,-8.5,146,2.55,17.3,-4.05,0.074,326,8.5,0.000233,95.32566298775691,10.33211096604649,60.3,95.5,9.82,7.39,5.59,0.117,324,14.2,0.00152,32.11048985489452,5.029773628882375,-8.5,32.5,4.0,4.0,0,0,0,0,2064.0,57.4,12.06,2064.0,57.3,4.000000954,18.9,0.724,323,119.0,0.138,16,1,65,6,Layer 2 Up
144.6758918330977,3.8254150939165985,4.0,145,3.9086,17.7,-3.93,0.0655,326,6.47,0.0,96.66124835889137,10.083632010640883,22.8,96.1,10.0,4.272,8.3,0.159,324,16.3,0.00201,33.08607884918083,4.247769585437016,4.0,32.5,4.0,4.0,0,0,0,0,2074.0,57.4,2.87,2074.0,57.3,4.0,17.9,0.891,317,120.0,0.172,16,1,65,6,Layer 2 Up
145.17891896629507,4.225673939811154,-8.5,145,4.0,4.0,-3.34,0.0421,326,4.2,-6.29e-06,96.65833699704763,10.109664024473988,4.0,96.6,10.0,4.0,1.64,0.0407,324,11.5,0.000458,32.63582925285317,3.7144157973164726,-8.5,32.5,4.0,4.0,0,0,0,0,2074.0,57.5,48.9,2074.0,57.3,4.0,16.6,0.845,322,117.0,0.16,16,1,65,6,Layer 2 Up
144.6459315071186,4.136264634839028,-27.3,145,4.0,4.0,-2.49,0.0438,326,4.68,-1.95e-05,97.02986545135542,9.874645832034071,41.5,97.2,10.0,4.0,2.63,0.0751,324,14.4,0.000942,31.593916629227152,4.843107855323557,-2.25,32.5,4.0,4.0,0,0,0,0,2084.0,57.4,-5.75,2084.0,57.3,4.0,20.3,0.775,323,119.0,0.148,16,1,2,6,Layer 2 Up
145.2767498172698,4.25811866625112,29.0,145,4.0,4.0,-3.34,0.0687,326,3.2,3.1e-05,98.61134439288121,10.104634977023451,-14.8,97.8,10.0,4.0,4.98,0.0961,324,14.1,0.00121,32.99158072978406,3.8480198476570067,10.25,32.5,4.0,4.0,0,0,0,0,2084.0,57.3,4.625,2084.0,57.3,4.000000954,23.1,0.844,317,122.0,0.161,16,1,66,6,Layer 2 Up
145.45126148204446,4.102220777505452,-2.25,145,4.0,4.0,-2.24,0.0638,326,4.1,2.99e-05,98.04186117132538,9.534980639760525,-184.0,98.3,10.0,4.0,10.2,0.152,324,16.2,0.00178,32.24254479375587,4.057969227166244,10.25,32.5,4.0,4.0,0,0,0,0,2094.0,57.3,13.94,2094.0,57.3,3.999999046,19.2,0.999,314,119.0,0.193,16,1,66,6,Layer 2 Up
145.15240347057335,3.8565900469629595,-27.3,145,4.0,4.0,-0.804,0.0398,326,6.98,-1.67e-05,97.61008519787687,9.772462242125544,47.8,98.9,10.0,4.0,7.16,0.13,325,16.5,0.00169,33.16819123879293,3.786916254608612,4.0,32.5,4.0,4.0,0,0,0,0,2094.0,57.2,-83.1,2094.0,57.3,3.999999046,23.7,0.957,322,117.0,0.183,16,1,67,6,Layer 2 Up
144.88097800194,4.537741654747467,-14.8,145,4.0,4.0,-2.54,0.0651,326,3.35,5.12e-05,98.86326342373846,10.201158856015484,16.5,99.5,10.0,4.0,5.43,0.0978,325,14.1,0.00122,32.45841399807148,4.747646649040367,22.8,32.5,4.0,4.0,0,0,0,0,2104.0,57.2,-36.5,2104.0,57.3,4.0,25.5,0.919,318,123.0,0.175,16,1,67,6,Layer 2 Up
145.18875853048715,3.758548096424288,-2.25,145,4.0,4.0,-2.49,0.0667,326,3.77,6.32e-05,100.36831423666638,9.600552294492665,-33.5,100.1,10.0,4.0,4.5,0.0735,325,12.2,0.000915,32.596918846361284,3.9790755320378315,10.25,32.5,4.0,4.0,0,0,0,0,2104.0,57.3,18.0,2114.0,57.3,4.0,18.1,0.953,316,120.0,0.184,16,1,67,6,Layer 2 Up
144.87165398651007,3.9762655559549565,-2.25,145,4.0,4.0,-3.09,0.0439,326,4.69,-2.41e-05,100.86428487043452,9.595301122734869,-52.3,100.7,10.0,4.0,4.56,0.0778,324,13.9,0.000921,33.058178728260955,4.040390265276008,-8.5,32.5,4.0,4.0,0,0,0,0,2114.0,57.4,1.81,2114.0,57.3,4.0,18.7,0.768,323,118.0,0.148,16,1,67,6,Layer 2 Up
145.38899975824862,4.0543733686580605,10.25,145,4.0,4.0,-2.29,0.0665,326,3.91,3.11e-05,100.15286915025608,10.837967077984196,72.7,101.3,10.0,4.0,2.69,0.0774,324,12.8,0.001,32.07507991046335,4.526581983846075,4.0,32.5,4.0,4.0,0,0,0,0,2124.0,57.2,-83.9,2124.0,57.3,3.999999046,26.0,1.05,317,120.0,0.201,16,1,67,6,Layer 2 Up
144.238502791978,4.118234349868846,-8.5,145,4.0,4.0,-3.93,0.0622,326,1.66,3.84e-05,101.31598391588851,10.40492661741266,72.7,101.9,10.0,4.0,5.48,0.101,324,13.1,0.00135,32.02993441934233,4.255963170381008,4.0,32.5,4.0,4.0,0,0,0,0,2124.0,57.5,62.8,2124.0,57.3,4.0,15.7,0.871,314,118.0,0.165,16,1,67,6,Layer 2 Up
144.86045472054687,3.848823864377758,-2.25,145,4.0,4.0,-1.99,0.0407,326,5.59,-2.28e-05,102.01128543204261,9.956681632215767,47.8,102.5,10.0,4.0,4.54,0.104,324,14.6,0.00132,32.40696737567776,3.9512260041116507,-2.25,32.5,4.0,4.0,0,0,0,0,2134.0,57.4,13.81,2134.0,57.3,4.0,16.3,0.813,322,116.0,0.155,16,1,67,6,Layer 2 Up
144.17222193971614,4.092470318937209,-2.25,145,4.0,4.0,-2.04,0.0659,326,3.47,4.73e-05,102.75578796347685,10.160962755474838,-46.0,103.1,10.0,4.0,4.74,0.109,324,14.9,0.00134,32.8916268444338,4.485728983104806,10.25,32.5,4.0,4.0,0,0,0,0,2134.0,57.3,-15.9,2134.0,57.3,4.0,22.7,0.92,317,120.0,0.177,16,1,2,6,Layer 2 Up
144.37835488379466,3.925395199477704,-21.0,145,4.0,4.0,-3.09,0.0614,326,1.98,3.83e-05,102.68059476092219,10.328995387009405,-2.25,103.7,10.0,4.0,6.14,0.107,324,12.8,0.00141,31.86989313598269,5.110433089203562,10.25,32.5,4.0,4.0,0,0,0,0,2144.0,57.4,61.6,2144.0,57.3,4.000000954,17.6,0.904,315,121.0,0.174,16,1,67,6,Layer 2 Up
145.56709284144105,3.535233134644799,16.5,145,4.0,4.0,-1.99,0.0425,326,6.23,-2.89e-05,103.58011339252971,9.4509486188616,10.25,104.0,10.0,4.0,3.66,0.0925,324,15.5,0.00115,31.710265222623256,4.1388478998481535,4.0,32.5,4.0,4.0,0,0,0,0,2144.0,57.4,4.0625,2144.0,57.3,4.000000954,19.4,0.731,323,119.0,0.14,16,1,67,6,Layer 2 Up
145.37221721075957,4.002806396583736,-8.5,145,4.0,4.0,-1.7,0.0621,326,3.84,3.75e-05,104.51313199975336,9.813079669430387,54.0,105.0,7.33,-649.0,8.77,0.162,324,14.6,0.00218,32.88999254750636,4.051075486167869,4.0,32.5,4.0,4.0,0,0,0,0,-2146.0,57.4,3.75,-2146.0,57.3,4.0,18.6,0.897,317,118.0,0.172,16,1,67,6,Layer 2 Up
144.70084068541894,3.6266614077776165,-27.3,145,4.0,4.0,-3.34,0.0416,326,4.74,-1.19e-05,105.51554961519702,9.613905849475524,-83.5,105.0,10.0,4.0,5.74,0.0878,324,14.1,0.00101,32.21451854567659,4.074639043255617,4.0,32.5,4.0,4.0,0,0,0,0,-2136.0,57.3,3.875,-2136.0,57.3,4.0,24.6,0.956,315,120.0,0.184,16,1,67,6,Layer 2 Up
144.3752602458406,3.490449286407416,16.5,145,4.0,4.0,-2.84,0.0493,326,4.61,-3.8e-05,106.5406664913674,9.817124078084365,-71.0,106.0,10.0,4.0,3.37,0.0587,324,13.6,0.000676,32.314299701567606,4.5732337570415,-2.25,32.5,4.0,4.0,0,0,0,0,-2136.0,57.4,-7.0,-2136.0,57.3,4.0,19.5,0.779,323,120.0,0.15,16,1,68,6,Layer 2 Up
143.76735124308345,4.065212448544657,22.8,145,4.0,4.0,-1.79,0.0458,326,6.87,-2.6e-05,106.90256735583559,10.328213775064283,29.0,107.0,10.0,4.0,2.08,0.0516,324,12.6,0.000634,31.620888889532306,3.7378871822973094,4.0,32.5,4.0,4.0,0,0,0,0,-2126.0,57.3,4.438,-2126.0,57.3,4.0,23.1,1.03,321,118.0,0.198,16,1,68,6,Layer 2 Up
144.77401499567443,4.818336799954461,4.0,145,4.754,17.6,1.94,0.0445,326,7.77,3.94e-05,106.73803337270846,10.537507724068428,54.0,107.0,9.95,2.33,4.37,0.122,324,17.0,0.00161,32.178535698420866,3.853252877928265,-8.5,32.5,4.0,4.0,0,0,0,0,-2126.0,57.3,7.5,-2126.0,57.3,4.000000954,21.2,0.917,322,119.0,0.177,16,1,68,6,Layer 2 Up
147.00640665659407,6.134740294237229,10.25,146,6.09,16.9,5.56,0.0967,326,10.4,0.00042,108.09349943675886,9.528226359757541,41.5,108.0,9.63,-0.72,7.16,0.129,324,15.1,0.00153,32.49641724618857,3.3274615708776394,4.0,32.5,4.0,4.0,0,0,0,0,-2116.0,57.2,-78.2,-2116.0,57.3,3.999999046,23.2,0.936,322,118.0,0.18,16,1,70,6,Layer 2 Up
146.18082453770714,7.446630887284633,4.0,146,7.31,15.5,2.64,0.0572,326,9.49,0.000332,107.45435277468388,8.595227374809385,-71.0,108.0,9.0,-3.53,4.19,0.0668,324,11.5,0.000643,32.940489514015425,3.482129315380046,-2.25,32.5,4.0,4.0,0,0,0,0,-2116.0,57.4,39.8,-2106.0,57.3,4.0,18.7,0.988,321,118.0,0.188,16,1,70,6,Layer 2 Up
145.76733028399008,7.562218520226412,16.5,146,8.32,13.58,5.37,0.0971,326,11.4,0.000849,108.23367031663746,8.632823192326954,54.0,109.0,8.16,-5.86,6.61,0.135,324,11.5,0.000939,32.134859322655515,3.7734937737937733,-2.25,32.5,4.0,4.0,0,0,0,0,-2106.0,57.3,9.94,-2106.0,57.3,4.0,21.6,0.983,316,118.0,0.191,16,1,2,6,Layer 2 Up
147.1933799849707,8.630142504717274,-46.0,147,9.18,10.98,3.88,0.0805,326,13.8,0.000819,108.37173067223141,6.866616030837436,22.8,109.0,7.02,-7.8,6.22,0.0965,324,10.4,0.000626,33.28468849592711,3.950530943677231,-2.25,32.5,4.0,4.0,0,0,0,0,-2096.0,57.4,2.69,-2096.0,57.3,4.0,18.6,0.775,322,118.0,0.149,16,1,70,6,Layer 2 Up
146.3509547457066,10.359807144518285,16.5,147,9.72,8.23,4.67,0.0887,326,13.6,0.00109,108.57580871820292,6.100602230464886,10.25,109.0,5.82,-9.1,5.23,0.104,324,7.56,0.000436,32.17589539246159,4.748867102890459,-8.5,32.5,4.0,4.0,0,0,0,0,-2096.0,57.2,-75.9,-2096.0,57.3,3.999999046,25.8,1.05,318,120.0,0.2,16,1,70,6,Layer 2 Up
147.87637317986142,9.662337205176188,47.8,148,9.98,5.15,5.42,0.105,326,13.3,0.00129,108.22255008169081,4.457646753666157,-8.5,109.0,4.421,-9.7,2.29,0.0378,325,3.8,2.68e-05,32.17658863198125,4.234464478340526,4.0,32.5,4.0,4.0,0,0,0,0,-2086.0,57.5,67.6,-2086.0,57.3,4.0,14.6,0.861,316,119.0,0.163,16,1,70,6,Layer 2 Up
148.0413626549652,10.14946093080691,-46.0,148,10.0,4.0,4.41,0.0777,326,14.5,0.000935,109.10829052702103,4.684594404821333,-8.5,109.0,4.0,4.0,2.32,0.022,325,2.93,-4.57e-06,33.22786543161466,3.5760207410767606,-8.5,32.5,4.0,4.0,0,0,0,0,-2086.0,57.4,8.69,-2086.0,57.3,4.0,15.5,0.816,322,118.0,0.155,16,1,70,6,Layer 2 Up
148.9641994167565,9.928182409650786,16.5,149,10.0,4.0,4.77,0.0803,326,13.4,0.00103,109.48760650310592,3.290764386943753,4.0,109.0,4.0,4.0,1.18,0.0203,325,2.94,0.0,32.60011629037088,3.6565525074692142,-8.5,32.5,4.0,4.0,0,0,0,0,-2076.0,57.3,-1.5,-2076.0,57.3,4.0,25.8,1.02,321,119.0,0.197,16,1,70,6,Layer 2 Up
150.3288165628279,10.023407307662824,29.0,150,10.0,4.0,5.32,0.0989,326,13.6,0.00128,107.93947810038821,3.877083183777165,4.0,109.0,4.0,4.0,1.26,0.0208,325,0.826,0.0,32.23864263576942,4.626369514480644,10.25,32.5,4.0,4.0,0,0,0,0,-2076.0,57.4,61.8,-2076.0,57.3,4.000000954,20.3,0.905,317,118.0,0.174,16,1,70,6,Layer 2 Up
150.1433032137432,9.713954232305042,-39.8,150,10.0,4.0,6.16,0.0911,326,13.9,0.00114,109.01679136606738,3.998832336594856,-2.25,109.0,4.0,4.0,0.548,0.0221,324,2.35,-1.52e-06,32.42655186599558,4.492823980577936,4.0,32.5,4.0,4.0,0,0,0,0,-2066.0,57.4,6.06,-2066.0,57.3,4.000000954,19.2,0.725,323,119.0,0.139,16,1,70,6,Layer 2 Up
151.2778894321823,10.314976963166506,35.3,151,10.0,4.0,3.99,0.0828,326,13.6,0.00108,108.85303573995941,3.7527500241590475,4.0,109.0,4.0,4.0,0.667,0.0187,325,0.596,0.0,33.14061576456842,4.0373138854764505,10.25,32.5,4.0,4.0,0,0,0,0,-2066.0,57.4,5.25,-2066.0,57.3,4.0,18.9,0.905,319,118.0,0.174,16,1,70,6,Layer 2 Up
150.71377534697712,10.110183303270038,66.5,151,10.0,4.0,4.41,0.0992,326,13.9,0.00124,109.2282010129664,4.309816045027343,10.25,109.0,4.0,4.0,0.459,0.0191,325,1.14,1.75e-06,33.194177061688784,3.8314213998004805,16.5,32.5,4.0,4.0,0,0,0,0,-2056.0,57.3,-2.31,-2056.0,57.3,4.0,25.2,0.973,317,121.0,0.187,16,1,70,6,Layer 2 Up
152.37331094000203,9.93829552052241,47.8,152,10.0,4.0,5.74,0.103,326,13.5,0.0013,108.99135412915447,4.2574151878849635,4.0,109.0,4.0,4.0,0.251,0.0185,325,2.13,-1.68e-06,32.11328741044297,4.492090169994753,4.0,32.5,4.0,4.0,0,0,0,0,-2056.0,57.4,-6.8,-2056.0,57.3,4.0,19.7,0.773,322,119.0,0.149,16,1,2,6,Layer 2 Up
153.67731070042348,9.511466590326034,-52.3,153,10.0,4.0,5.6,0.0943,326,13.5,0.00111,108.02868406522012,3.984884539780853,4.0,109.0,4.0,4.0,0.163,0.0168,325,1.21,-3.62e-06,32.47990961604855,3.5654793787362706,4.0,32.5,4.0,4.0,0,0,0,0,-2046.0,57.3,6.94,-2046.0,57.3,4.000000954,24.0,0.845,319,120.0,0.159,16,1,70,6,Layer 2 Up
152.59661259348985,10.048670233790052,-8.5,153,10.0,4.0,5.98,0.0826,326,12.1,0.000947,108.15645332327541,3.914325388606204,4.0,109.0,4.0,4.0,0.163,0.0208,325,1.74,0.0,32.54268495523521,4.1714896206246825,-2.25,32.5,4.0,4.0,0,0,0,0,-2046.0,57.3,3.75,-2046.0,57.3,4.000000954,22.1,0.926,321,118.0,0.179,16,1,70,6,Layer 2 Up
153.63089684520207,9.77371148402027,-8.5,154,10.0,4.0,4.6,0.0759,326,13.6,0.000944,109.01966125617868,3.9645630280870914,4.0,109.0,4.0,4.0,1.1,0.0179,324,2.01,1.49e-06,32.033062375222535,4.994151040553707,4.0,32.5,4.0,4.0,0,0,0,0,-2036.0,57.2,-80.6,-2036.0,57.3,3.999999046,23.2,0.937,322,118.0,0.18,16,1,70,6,Layer 2 Up
154.55541807543102,10.095591016010427,41.5,154,10.0,4.0,5.57,0.109,326,14.6,0.00138,109.68744619961102,3.966832558926398,4.0,109.0,4.0,4.0,1.05,0.0182,324,1.24,2.74e-06,32.47363578509662,4.0898307075597184,4.0,32.5,4.0,4.0,0,0,0,0,-2036.0,57.2,-37.1,-2026.0,57.3,4.0,26.9,0.94,319,121.0,0.178,16,1,70,6,Layer 2 Up
154.92043932096985,10.721643361365135,-27.3,155,10.0,4.0,4.89,0.0985,326,14.5,0.00122,107.5204481690555,3.97519309280686,4.0,109.0,4.0,4.0,0.207,0.0197,324,1.54,-3.27e-06,32.50252012039445,3.6607176994168618,4.0,32.5,4.0,4.0,0,0,0,0,-2026.0,57.3,11.19,-2026.0,57.3,4.0,19.6,0.984,318,119.0,0.19,16,1,70,6,Layer 2 Up
156.5837078296474,10.296670756868119,-46.0,156,10.0,4.0,5.16,0.0876,326,15.3,0.00107,109.23101947054764,3.9154938615331116,-8.5,109.0,4.0,4.0,0.844,0.0189,325,2.18,-1.08e-06,33.039834772654494,4.154511521264887,-8.5,32.5,4.0,4.0,0,0,0,0,-2016.0,57.4,-2.19,-2016.0,57.3,4.0,18.9,0.781,322,118.0,0.15,16,1,70,6,Layer 2 Up
155.81599399938634,10.311045712147576,-2.25,156,10.0,4.0,4.5,0.0756,326,13.4,0.000846,109.79492252510956,4.054906147150728,-2.25,109.0,4.0,4.0,1.02,0.0201,325,4.11,0.0,33.07165812747281,3.7693995738248645,-2.25,32.5,4.0,4.0,0,0,0,0,-2016.0,57.4,56.0,-2016.0,57.3,4.000000954,22.3,0.93,321,119.0,0.18,16,1,70,6,Layer 2 Up
157.60500680511268,10.10484915951389,54.0,157,10.0,4.0,5.05,0.0952,326,14.0,0.00123,108.89774590972573,4.238409338464699,4.0,109.0,4.0,4.0,0.296,0.0205,324,2.36,1.02e-06,32.344135061142815,3.390158522561682,4.0,32.5,4.0,4.0,0,0,0,0,-2006.0,57.3,-42.0,-2006.0,57.3,3.999999046,22.0,1.07,320,116.0,0.205,16,1,70,6,Layer 2 Up
157.05467169911404,9.33040769478281,-14.8,157,10.0,4.0,4.98,0.0978,326,14.3,0.00118,109.36765321717226,3.5855937203814037,-8.5,109.0,4.0,4.0,0.889,0.0224,324,2.62,1.52e-06,32.39870339713145,4.2816609193782265,-8.5,32.5,4.0,4.0,0,0,0,0,-2006.0,57.4,11.81,-2006.0,57.3,4.0,15.1,0.811,321,117.0,0.154,16,1,70,6,Layer 2 Up
158.1073713414441,9.411521270992585,-64.7,158,10.0,4.0,4.67,0.0981,326,15.7,0.00106,108.53019913331327,3.667440158141703,4.0,109.0,4.0,4.0,0.888,0.022,325,2.69,2.88e-06,32.8145107021832,4.4639850333579565,-2.25,32.5,4.0,4.0,0,0,0,0,-1996.0,57.3,-5.87,-1996.0,57.3,4.0,26.2,1.02,320,119.0,0.198,16,1,2,6,Layer 2 Up
159.65060852156884,10.44687579624482,-2.25,159,10.0,4.0,4.99,0.089,326,13.9,0.00112,108.92023778971794,3.4215529083127025,-8.5,109.0,4.0,4.0,0.34,0.0234,325,2.91,9.12e-07,32.22294119710254,3.863997109643562,4.0,32.5,4.0,4.0,0,0,0,0,-1996.0,57.3,-8.3,-1996.0,57.3,4.0,20.1,0.936,321,119.0,0.181,16,1,70,6,Layer 2 Up
158.8495761202865,9.867975047475333,22.8,159,10.0,4.0,5.0,0.0938,326,14.1,0.00122,107.91688228594411,4.274235159939978,4.0,109.0,4.0,4.0,1.02,0.0214,325,4.17,1.68e-06,32.77869301944831,3.80998217751121,-2.25,32.5,4.0,4.0,0,0,0,0,-1986.0,57.4,12.0,-1986.0,57.3,4.000000954,19.1,0.725,322,118.0,0.138,16,1,70,6,Layer 2 Up
159.60868217342315,9.69456450040416,10.25,160,10.0,4.0,6.07,0.107,326,14.8,0.00133,107.43347610066996,4.079233211360577,4.0,109.0,4.0,4.0,0.977,0.0191,325,3.35,-9.91e-07,32.4583804735003,3.554373219662647,-2.25,32.5,4.0,4.0,0,0,0,0,-1986.0,57.2,-26.6,-1986.0,57.3,3.999999046,25.0,1.06,321,119.0,0.205,16,1,70,6,Layer 2 Up
159.81348735543892,9.751333019493563,-39.8,160,10.0,4.0,2.44,0.0979,326,19.8,0.00113,109.62996966092244,4.159929055635564,-2.25,109.0,4.0,4.0,2.15,0.0215,325,2.52,1.35e-06,32.041036037243686,3.909412230863424,-8.5,32.5,4.0,4.0,0,0,0,0,-1976.0,57.5,49.9,-1976.0,57.3,4.0,15.0,0.837,320,118.0,0.159,16,1,70,6,Layer 2 Up
161.18808010057253,9.687978049185848,-33.5,161,10.0,4.0,4.67,0.0899,326,15.4,0.00112,108.34181222969434,3.522530177410829,-2.25,109.0,4.0,4.0,1.19,0.0181,325,3.03,-2.43e-06,32.046983480749056,3.753997799362836,4.0,32.5,4.0,4.0,0,0,0,0,-1976.0,57.4,-3.31,-1976.0,57.3,4.0,19.9,0.775,322,118.0,0.149,16,1,70,6,Layer 2 Up
161.34895861044842,9.73958370874699,41.5,162,10.0,4.0,5.04,0.1,326,15.2,0.00125,108.69560974561807,4.564978073295882,4.0,109.0,4.0,4.0,0.503,0.0208,325,1.73,-1.51e-06,33.18511323280536,3.532734265656476,-2.25,32.5,4.0,4.0,0,0,0,0,-1966.0,57.3,15.1,-1966.0,57.3,4.0,23.7,1.02,320,117.0,0.198,16,1,70,6,Layer 2 Up
162.26505989946634,9.91517106150169,35.3,162,10.0,4.0,5.55,0.103,326,14.9,0.00127,108.07355935583787,3.8072843638428187,-2.25,109.0,4.0,4.0,0.548,0.0186,325,2.53,1.21e-06,32.42594189472066,4.827709576836092,4.0,32.5,4.0,4.0,0,0,0,0,-1966.0,57.3,7.38,-1966.0,57.3,4.000000954,20.3,0.929,321,119.0,0.179,16,1,70,6,Layer 2 Up
162.7759793102882,9.538074723828732,-64.7,163,10.0,4.0,5.54,0.0867,326,14.7,0.00106,108.05783797565816,4.053241095133653,4.0,109.0,4.0,4.0,-0.0008,0.0191,325,2.31,-6.29e-07,33.276629378821006,4.179062431293336,-2.25,32.5,4.0,4.0,0,0,0,0,-1956.0,57.2,-77.7,-1956.0,57.3,3.999999046,23.6,0.935,322,116.0,0.179,16,1,70,6,Layer 2 Up
163.47725960070485,9.712293792830403,-52.3,163,10.0,4.0,4.92,0.0802,326,14.4,0.000933,108.88383914982722,4.270432845221708,4.0,109.0,4.0,4.0,0.548,0.0185,325,2.1,-1.57e-06,32.25681774344772,4.225388287259741,-8.5,32.5,4.0,4.0,0,0,0,0,-1956.0,57.4,46.8,-1946.0,57.3,4.0,20.8,1.0,319,116.0,0.191,16,1,70,6,Layer 2 Up
163.0044684501302,9.8704914019455,10.25,164,9.91,1.71,4.54,0.0813,326,13.2,0.001,108.5124860309856,2.66759768776252,10.25,109.0,2.97,-9.6,-6.11,0.0924,324,6.81,0.000203,32.63787176519109,4.386433954323105,4.0,32.5,4.0,4.0,0,0,0,0,-1946.0,57.3,-2.63,-1946.0,57.3,4.0,22.9,0.945,320,119.0,0.182,16,1,70,6,Layer 2 Up
163.67294656994426,9.553465869862714,-27.3,165,9.52,-1.31,3.8,0.0934,326,16.2,0.00106,109.25256565430755,1.7470754877911807,16.5,109.0,1.66,-8.7,-2.89,0.0588,324,10.0,0.000243,33.63281823968937,4.337281774462366,-2.25,32.5,4.0,4.0,0,0,0,0,-1936.0,57.4,4.375,-1936.0,57.3,4.0,18.6,0.78,321,117.0,0.15,16,1,2,6,Layer 2 Up
164.29876787040752,8.731803054547639,-27.3,165,8.85,-4.05,5.89,0.101,326,13.0,0.00103,109.3023926769389,0.47671208182771574,29.0,109.0,0.47,-7.1,-2.5,0.0626,325,9.41,0.000422,31.999377839372578,3.819289347376083,-2.25,32.5,4.0,4.0,0,0,0,0,-1936.0,57.4,56.6,-1936.0,57.3,4.000000954,22.0,0.934,320,118.0,0.18,16,1,72,6,Layer 2 Up
164.65645443834413,7.977536773168923,-21.0,165,7.92,-6.4,4.81,0.0989,326,12.7,0.00084,108.21439634598487,0.5244574528395515,-39.8,108.0,-0.54,-5.03,-6.99,0.121,324,13.0,0.00111,31.601475406037526,4.094225310448453,-2.25,32.5,4.0,4.0,0,0,0,0,-1926.0,57.3,-37.6,-1926.0,57.3,3.999999046,20.4,1.07,320,117.0,0.206,16,1,72,6,Layer 2 Up
166.10297928670337,6.875378635212285,-89.7,166,6.78,-8.1,4.17,0.061,326,9.78,0.00032,108.15943647845697,-0.9046869346747513,54.0,108.0,-1.31,-2.43,-6.71,0.0939,324,13.1,0.000993,33.10913902563819,3.88231541250134,4.0,32.5,4.0,4.0,0,0,0,0,-1926.0,57.4,14.3,-1926.0,57.3,4.0,15.6,0.808,320,117.0,0.154,16,1,72,6,Layer 2 Up
165.92547771023612,5.358269731393948,-83.5,166,5.5,-9.3,5.8,0.0891,326,8.9,0.00028,108.05428739543093,-1.5215489048296313,-46.0,107.0,-1.81,0.49,-6.82,0.123,324,13.5,0.00159,32.1085453474262,4.191801352760506,4.0,32.5,4.0,4.0,0,0,0,0,-1916.0,57.3,-1.5,-1916.0,57.3,4.0,26.1,1.04,319,119.0,0.202,16,1,72,6,Layer 2 Up
165.8946458063057,4.018250939700414,-83.5,166,4.146,-9.7,4.15,0.0723,326,7.09,-1.1e-05,106.28661849654068,-1.568376085072989,16.5,107.0,-2.0,3.602,-11.0,0.154,324,13.9,0.00199,32.49019652479103,4.149469124573547,4.0,32.5,4.0,4.0,0,0,0,0,-1916.0,57.3,-11.9,-1916.0,57.3,4.0,20.3,0.967,320,119.0,0.187,16,1,72,6,Layer 2 Up
165.93381105580022,3.9632151073773754,-83.5,166,4.0,4.0,2.21,0.0489,326,6.34,-2.02e-05,105.96329173269788,-1.5835161657041712,29.0,106.0,-2.0,4.0,-6.5,0.102,324,14.4,0.00119,32.222595689847964,3.832609248443752,-2.25,32.5,4.0,4.0,0,0,0,0,-1906.0,57.4,8.69,-1906.0,57.3,4.000000954,19.4,0.731,322,118.0,0.14,16,1,72,6,Layer 2 Up
166.08456867033013,4.046311971291248,-77.2,166,4.0,4.0,4.71,0.0491,326,2.91,-2.62e-05,106.75687962083016,-2.1131037333827676,97.7,106.0,-2.0,4.0,-4.82,0.0813,324,14.3,0.000954,32.626962278919486,3.418512097989695,4.0,32.5,4.0,4.0,0,0,0,0,-1906.0,57.3,-19.6,-1906.0,57.3,3.999999046,25.9,1.06,320,117.0,0.205,16,1,72,6,Layer 2 Up
165.58065150774118,3.8317908084535053,-52.3,166,4.0,4.0,3.34,0.0457,326,4.74,-1.31e-05,105.84498367874214,-1.8445630505819208,16.5,105.0,-2.0,4.0,-3.74,0.0708,324,13.0,0.000876,32.04996646950832,4.06396987974541,-2.25,32.5,4.0,4.0,0,0,0,0,-1896.0,57.5,52.4,-1896.0,57.3,4.0,14.7,0.828,319,118.0,0.157,16,1,72,6,Layer 2 Up
166.29390752421065,3.823682014969122,-89.7,166,4.0,4.0,4.16,0.0528,326,4.25,-3.07e-05,104.04995709122521,-2.7241871674361184,-121.0,105.0,-2.0,4.0,-8.45,0.153,324,15.0,0.00207,32.41480695588981,3.9106444369037634,4.0,32.5,4.0,4.0,0,0,0,0,-1896.0,57.4,-4.81,-1896.0,57.3,4.0,18.6,0.778,321,120.0,0.15,16,1,72,6,Layer 2 Up
166.27553598879518,3.5953153600166483,-89.7,166,4.0,4.0,3.59,0.0519,326,4.93,0.0,103.79127960368155,-1.5232853614238477,-8.5,104.0,-2.0,4.0,-8.91,0.15,324,16.5,0.00192,32.712966090033376,3.1480763195780663,-2.25,32.5,4.0,4.0,0,0,0,0,-1886.0,57.3,8.19,-1886.0,57.3,4.0,20.8,1.01,319,120.0,0.196,16,1,2,6,Layer 2 Up
166.16009847135206,-2.2028628107522543,47.8,166,-2.0,4.0,-4.43,0.0893,326,15.4,0.00112,104.70751603966028,3.9883063853439995,-21.0,103.8,4.0,4.0,1.85,0.0272,325,3.24,3.52e-06,32.02261386311666,4.197071361261141,-2.25,32.5,4.0,4.0,0,0,0,0,-1886.0,57.3,12.37,-1886.0,57.3,4.000000954,19.7,0.927,320,119.0,0.179,16,1,73,6,Layer 2 Up
165.2314061673589,-1.7740297072481952,-21.0,165,-2.0,4.0,-6.29,0.115,326,14.0,0.00145,104.13950576188492,3.1111418985444383,-27.3,103.8,4.0,4.0,0.836,0.0304,325,3.56,-2.34e-06,32.16854362293554,4.397278867714876,-2.25,32.5,4.0,4.0,0,0,0,0,-1876.0,57.2,-78.5,-1876.0,57.3,3.999999046,22.3,0.928,321,119.0,0.178,16,1,75,6,Layer 2 Up
165.1232503713779,-1.6192790552219216,60.3,165,-2.0,4.0,-6.5,0.11,326,15.5,0.00135,103.93047756459995,3.8422218102304417,-27.3,103.8,4.0,4.0,1.24,0.0226,325,2.69,0.0,32.335530806870146,5.106003245885848,4.0,32.5,4.0,4.0,0,0,0,0,-1876.0,57.4,45.0,-1866.0,57.3,4.0,18.4,0.997,318,118.0,0.19,16,1,75,6,Layer 2 Up
164.84618187714167,-1.7462364225907956,41.5,164,-2.0,4.0,-5.25,0.0995,326,15.9,0.0012,103.65453995856362,4.15698986999405,-27.3,103.8,4.0,4.0,0.939,0.022,325,3.01,-2.07e-06,31.823524081013566,3.8288747205160876,4.0,32.5,4.0,4.0,0,0,0,0,-1866.0,57.3,-2.81,-1866.0,57.3,4.0,23.8,0.939,320,118.0,0.181,16,1,75,6,Layer 2 Up
162.9637863122422,-2.01748690694589,16.5,163,-2.0,4.0,-5.45,0.0926,326,14.1,0.0012,103.54353870418763,3.8749763679971516,-27.3,103.8,4.0,4.0,1.55,0.0227,325,2.14,-4.51e-06,32.2999375410433,3.7643460833064095,4.0,32.5,4.0,4.0,0,0,0,0,-1856.0,57.4,1.0,-1856.0,57.3,4.0,17.3,0.776,320,119.0,0.15,16,1,75,6,Layer 2 Up
162.87231503957113,2.8135742074638475,22.8,163,2.66,-4.85,-5.72,0.115,326,10.1,0.000314,104.19259212119321,9.976316160291923,16.5,104.0,9.85,2.0,6.29,0.0993,324,13.8,0.0012,32.55624449217036,3.5146953079001966,4.0,32.5,4.0,4.0,0,0,0,0,-1856.0,57.4,63.2,-1856.0,57.3,4.000000954,18.5,0.927,319,121.0,0.179,16,1,75,6,Layer 2 Up
162.6866838253103,2.2546010660408413,54.0,163,1.79,-4.45,-4.97,0.0821,326,9.09,0.000361,104.83135998173094,9.160947353386316,-77.2,105.0,9.58,0.69,4.23,0.0633,325,13.0,0.00071,32.310832644324385,4.066268232175754,-2.25,32.5,4.0,4.0,0,0,0,0,-1846.0,57.5,66.7,-1846.0,57.3,4.0,15.9,0.875,322,115.0,0.165,16,1,75,6,Layer 2 Up
162.57078599423392,1.2447285792942935,-8.5,163,0.98,-3.85,-5.66,0.111,326,11.3,0.000715,104.97154835333754,8.656625854680106,16.5,105.0,9.18,-0.54,7.07,0.108,325,13.1,0.00118,32.37151618183162,4.088501984033232,4.0,32.5,4.0,4.0,0,0,0,0,-1846.0,57.4,9.44,-1846.0,57.3,4.0,14.3,0.822,320,118.0,0.157,16,1,75,6,Layer 2 Up
161.4825496104396,0.4877125760273998,22.8,162,0.23,-3.08,-4.79,0.0764,326,10.1,0.000563,106.05252078530626,8.607385849122299,-14.8,106.0,8.67,-1.67,9.34,0.134,324,11.8,0.00127,32.4905775086177,3.6451068556006203,4.0,32.5,4.0,4.0,0,0,0,0,-1836.0,57.3,-1.25,-1836.0,57.3,4.0,23.0,1.04,319,121.0,0.2,16,1,75,6,Layer 2 Up
161.63043877687406,-0.40960786469565125,-21.0,162,-0.43,-2.14,-6.5,0.112,326,11.8,0.00105,105.54690285717722,8.059991276306103,16.5,106.0,8.05,-2.68,6.19,0.117,325,12.7,0.00104,32.18953676539164,3.92347874233886,4.0,32.5,4.0,4.0,0,0,0,0,-1836.0,57.3,-10.2,-1836.0,57.3,4.0,23.0,0.936,319,116.0,0.182,16,1,2,6,Layer 2 Up
161.97061115295298,-0.44251099116791975,54.0,161,-0.99,-1.07,-5.01,0.0831,326,12.9,0.000873,107.35557649714838,7.059728156854201,-71.0,107.0,7.34,-3.52,3.48,0.0499,324,9.16,0.000287,32.82718514450753,3.1344532815841726,4.0,32.5,4.0,4.0,0,0,0,0,-1826.0,57.4,15.0,-1826.0,57.3,4.000000954,17.7,0.732,321,120.0,0.14,16,1,75,6,Layer 2 Up
161.13899965125182,-1.2528798091376272,72.7,161,-1.43,0.13,-3.95,0.0715,326,13.0,0.000748,108.94734016721998,6.918466520967659,-58.5,107.0,6.55,-4.2,2.93,0.0414,325,7.21,0.000186,33.17986711114003,4.405233874282729,4.0,32.5,4.0,4.0,0,0,0,0,-1826.0,57.2,-23.4,-1826.0,57.3,3.999999046,24.1,1.05,319,120.0,0.202,16,1,75,6,Layer 2 Up
160.02126482768384,-1.514212185571745,-2.25,160,-1.75,1.4,-5.92,0.114,326,14.3,0.0013,105.81259198288159,5.4008893639256375,-8.5,107.0,5.7,-4.69,4.95,0.0792,325,8.25,0.00029,32.28013804649317,3.662874372703368,4.0,32.5,4.0,4.0,0,0,0,0,-1816.0,57.5,50.8,-1816.0,57.3,4.0,16.4,0.838,318,116.0,0.159,16,1,75,6,Layer 2 Up
159.6816910343208,-1.7971245006832932,54.0,160,-1.94,2.74,-4.43,0.0827,325,13.6,0.00101,107.21650982644184,4.949124282204725,-39.8,107.0,4.813,-4.98,4.53,0.0727,324,7.63,0.000166,32.72971820689158,3.9598399394906734,-2.25,32.5,4.0,4.0,0,0,0,0,-1816.0,57.4,1.87,-1816.0,57.3,4.0,17.6,0.761,320,120.0,0.147,16,1,75,6,Layer 2 Up
159.3742960330393,2.942568886798864,1034.0,159,4.0,4.0,17.5,0.245,326,13.0,0.000665,106.49203005482227,3.9715140949239682,-33.5,107.0,4.0,4.0,4.27,0.0815,324,7.02,-1.29e-05,32.38655271244649,3.3759078000625187,4.0,32.5,4.0,4.0,0,0,0,0,-1806.0,57.3,5.88,-1806.0,57.3,4.0,18.3,1.03,318,121.0,0.199,16,1,75,6,Layer 2 Up
159.30744720703197,-2.3661589190687673,-33.5,159,-2.0,4.0,-4.98,0.0956,326,13.7,0.00122,107.38582870263517,3.38226277809819,-58.5,107.0,4.0,4.0,4.26,0.0627,325,4.59,-9.53e-06,32.67304081527277,3.7452554742287365,4.0,32.5,4.0,4.0,0,0,0,0,-1806.0,57.3,11.25,-1806.0,57.3,4.000000954,22.3,0.922,319,118.0,0.179,16,1,75,6,Layer 2 Up
157.93361835945882,-1.6939479048462887,16.5,158,-2.0,4.0,-6.38,0.111,325,14.4,0.00147,107.03111037295544,3.4574959155755853,-58.5,107.0,4.0,4.0,3.65,0.0627,324,5.57,0.0,33.24132188239865,3.8776957575629054,4.0,32.5,4.0,4.0,0,0,0,0,-1796.0,57.2,-77.9,-1796.0,57.3,3.999999046,22.1,0.925,320,119.0,0.177,16,1,77,6,Layer 2 Down
157.72851798106385,-1.1140719033238247,35.3,158,-2.0,4.0,-6.11,0.0905,326,12.4,0.00111,107.50908231190812,4.103770116859357,54.0,107.0,4.0,4.0,2.5,0.0531,325,3.4,-1.64e-05,32.74082601823287,3.995060936418609,4.0,32.5,4.0,4.0,0,0,0,0,-1796.0,57.2,-39.7,-1786.0,57.3,4.0,25.5,0.897,323,123.0,0.171,16,1,77,6,Layer 2 Down
157.2280358977251,-2.2601122379721446,-39.8,157,-2.0,4.0,-5.11,0.094,326,12.8,0.0012,107.78549039268596,4.752096408979013,60.3,107.0,4.0,4.0,2.27,0.054,325,3.83,8.12e-06,31.660372850721043,4.209853999832453,4.0,32.5,4.0,4.0,0,0,0,0,-1786.0,57.3,6.31,-1786.0,57.3,4.0,21.3,0.967,322,118.0,0.187,16,1,77,6,Layer 2 Down
156.07815926969243,-2.0291422365835117,-14.8,156,-2.0,4.0,-5.62,0.101,326,13.4,0.00128,107.1285785570045,4.033352523275006,-64.7,107.0,4.0,4.0,3.78,0.0625,324,5.06,9.64e-06,32.71494526489715,4.62950842929602,4.0,32.5,4.0,4.0,0,0,0,0,-1776.0,57.4,-1.88,-1776.0,57.3,4.0,17.3,0.789,319,120.0,0.153,16,1,77,6,Layer 2 Down
155.39786982558937,-2.0810920648563696,-2.25,156,-2.0,4.0,-4.83,0.0959,326,15.0,0.0012,107.7564536127126,3.5787959808325702,66.5,107.0,4.0,4.0,2.89,0.0513,325,2.86,-1.59e-05,33.083702144981125,4.320516781927286,4.0,32.5,4.0,4.0,0,0,0,0,-1776.0,57.1,-90.4,-1776.0,57.3,3.999999046,25.1,1.04,322,121.0,0.198,16,1,2,6,Layer 2 Down
154.9717338630799,-2.2733769202170744,22.8,155,-2.0,4.0,-4.98,0.0878,326,13.6,0.00113,105.4335064473787,3.11545735054454,54.0,107.0,4.0,4.0,2.23,0.0537,324,4.8,0.0,32.39508478901299,4.420888873159421,4.0,32.5,4.0,4.0,0,0,0,0,-1766.0,57.4,57.1,-1766.0,57.3,4.0,16.5,0.862,322,117.0,0.163,16,1,77,6,Layer 2 Down
155.10895428436996,-1.4962512719362513,79.0,155,-2.0,4.0,-5.55,0.0887,326,14.3,0.00111,108.0627630887006,4.107028707887579,-52.3,107.0,4.0,4.0,4.22,0.0615,324,4.02,-9.54e-06,32.97138556479001,4.6325832038197055,4.0,32.5,4.0,4.0,0,0,0,0,-1766.0,57.4,13.94,-1766.0,57.3,4.0,14.3,0.818,319,118.0,0.156,16,1,77,6,Layer 2 Down
153.62590761607302,-2.267714297323321,-52.3,154,-2.0,4.0,-5.77,0.106,326,14.1,0.00131,107.2506219215264,4.0695461691501995,54.0,107.0,4.0,4.0,2.01,0.0531,325,4.08,-1.59e-05,32.17326322649896,4.249212787970802,4.0,32.5,4.0,4.0,0,0,0,0,-1756.0,57.3,-13.6,-1756.0,57.3,4.0,21.7,0.895,323,120.0,0.172,16,1,77,6,Layer 2 Down
153.0789367332855,-2.0192816112391583,35.3,153,-2.0,4.0,-7.03,0.112,326,13.7,0.00137,107.72023042463337,4.4362375285908655,41.5,107.0,4.0,4.0,2.45,0.0528,324,3.61,-1.64e-05,31.796668104182153,3.983942819020953,4.0,32.5,4.0,4.0,0,0,0,0,-1756.0,57.4,54.8,-1756.0,57.3,4.000000954,20.5,0.921,323,119.0,0.177,16,1,77,6,Layer 2 Down
152.39508595595484,-2.2863945695755925,54.0,153,-2.0,4.0,-6.09,0.109,325,14.6,0.0013,106.18486149121388,3.5962320584657577,-52.3,107.0,4.0,4.0,3.65,0.0633,324,4.88,9.74e-06,32.5668367932342,4.441425508912034,4.0,32.5,4.0,4.0,0,0,0,0,-1746.0,57.4,21.3,-1746.0,57.3,4.000000954,17.0,0.723,319,120.0,0.138,16,1,77,6,Layer 2 Down
152.55558512845784,-0.44258115998457637,516.0,152,-2.0,4.233,-4.42,0.153,325,11.8,0.00167,106.44486762254284,3.935850494615487,-52.3,107.0,3.828,-5.07,3.54,0.0544,324,3.9,2.43e-05,31.668392099229685,4.469376753149958,4.0,32.5,4.0,4.0,0,0,0,0,-1746.0,57.2,-17.9,-1746.0,57.3,3.999999046,23.8,1.03,318,119.0,0.199,16,1,77,6,Layer 2 Down
152.51889662132533,-2.6019162422820683,-39.8,152,-1.91,5.54,-4.56,0.0805,326,12.9,0.00098,107.09751806605469,3.217833807989998,-52.3,107.0,2.96,-4.94,-4.9,0.105,324,9.6,0.000218,32.38647986828241,4.2837083809164325,4.0,32.5,4.0,4.0,0,0,0,0,-1736.0,57.3,0.62,-1736.0,57.3,4.0,25.7,0.946,323,120.0,0.182,16,1,77,6,Layer 2 Down
150.89500349119388,-1.6943800864232064,-46.0,151,-1.67,6.92,-5.72,0.0932,325,11.7,0.00118,106.98861503741989,2.088367231549597,29.0,107.0,2.05,-4.59,-6.52,0.109,324,8.31,0.000347,33.10925839780356,3.363688285393339,4.0,32.5,4.0,4.0,0,0,0,0,-1736.0,57.4,0.37,-1736.0,57.3,4.0,17.7,0.774,319,120.0,0.149,16,1,77,6,Layer 2 Down
150.15112402754005,-0.4574680419331416,72.7,150,-1.32,8.18,-4.15,0.0818,326,12.7,0.0009,107.1891504997049,0.9851338930008278,-14.8,107.0,1.22,-4.05,-7.71,0.123,324,8.49,0.000828,31.595818406097703,3.631912006977034,4.0,32.5,4.0,4.0,0,0,0,0,-1726.0,57.3,12.12,-1726.0,57.3,4.0,20.6,1.02,317,119.0,0.196,16,1,77,6,Layer 2 Down
148.99795634385805,-1.0077277299025316,29.0,150,-0.84,9.35,-3.68,0.082,326,12.6,0.000823,106.72468862076705,0.2579962803719682,-39.8,106.0,0.45,-3.33,-7.0,0.136,324,11.3,0.00115,31.894219330137094,3.879767930597034,4.0,32.5,4.0,4.0,0,0,0,0,-1726.0,57.3,11.81,-1726.0,57.3,4.000000954,21.1,0.918,318,118.0,0.178,16,1,2,6,Layer 2 Down
149.5191915532091,-0.5896821183207204,35.3,149,-0.25,10.39,-6.15,0.108,326,12.7,0.00095,104.82045440973837,0.22176983060335792,35.3,106.0,-0.24,-2.44,-6.65,0.0969,324,11.2,0.000831,32.01138198486261,4.341037107682168,4.0,32.5,4.0,4.0,0,0,0,0,-1716.0,57.2,-76.6,-1716.0,57.3,3.999999046,21.8,0.919,320,119.0,0.176,16,1,77,6,Layer 2 Down
148.87784695628145,0.8444137660561359,79.0,149,0.44,11.29,-5.03,0.0801,326,10.1,0.00058,106.65071990266537,-0.5345370496475196,-14.8,106.0,-0.83,-1.4,-7.34,0.13,324,13.2,0.00124,32.47002106831855,3.990662230974322,4.0,32.5,4.0,4.0,0,0,0,0,-1716.0,57.4,46.5,-1706.0,57.3,4.0,17.5,0.986,316,118.0,0.187,16,1,77,6,Layer 2 Down
148.55420793373926,1.1164344025586788,29.0,149,1.21,12.02,-6.02,0.105,326,10.5,0.000617,105.00553409128885,-0.7217072450169173,29.0,105.0,-1.31,-0.24,-7.5,0.132,324,14.1,0.00149,32.326850555549356,4.497311360589776,4.0,32.5,4.0,4.0,0,0,0,0,-1706.0,57.3,7.19,-1706.0,57.3,4.0,23.5,0.927,318,117.0,0.179,16,1,77,6,Layer 2 Down
149.29704549506133,2.2817392704683233,16.5,149,2.04,12.57,-4.18,0.0854,326,8.49,0.000397,104.86383003097065,-2.0762133548164643,-46.0,105.0,-1.67,1.01,-7.16,0.132,324,13.7,0.00171,33.16242430402339,4.600336585154164,16.5,32.5,4.0,4.0,0,0,0,0,-1696.0,57.4,5.25,-1696.0,57.3,4.0,16.8,0.773,319,120.0,0.149,16,1,77,6,Layer 2 Down
148.8304743250913,2.967141788368758,97.7,148,2.92,12.92,-5.57,0.0972,326,7.23,0.000263,103.0169796526573,-2.300468334142411,-2.25,104.0,-1.9,2.34,-8.27,0.151,324,16.3,0.00191,32.95183838828356,4.524564650488154,4.0,32.5,4.0,4.0,0,0,0,0,-1696.0,57.4,63.3,-1696.0,57.3,4.000000954,19.3,0.924,316,120.0,0.178,16,1,77,6,Layer 2 Down
147.5107645259642,3.7393768576740687,91.5,148,3.82,13.07,-4.72,0.0877,326,4.84,5.43e-05,103.73614435168628,-1.3242407859855732,-52.3,103.4,-2.0,3.701,-7.71,0.143,324,15.7,0.0018,32.734488103442345,4.527351182650012,4.0,32.5,4.0,4.0,0,0,0,0,-1686.0,57.3,-35.4,-1686.0,57.3,3.999999046,23.6,1.07,318,115.0,0.206,16,1,77,6,Layer 2 Down
147.65178337588367,4.097717283269571,66.5,148,4.0,4.0,-3.68,0.0713,326,3.51,0.0,101.3868584304101,-2.1913808021323544,41.5,102.9,-2.0,4.0,-5.67,0.0886,324,13.0,0.00114,32.56894900374688,3.546377800851204,10.25,32.5,4.0,4.0,0,0,0,0,-1686.0,57.4,13.69,-1686.0,57.3,4.0,14.1,0.805,318,118.0,0.153,16,1,77,6,Layer 2 Down
148.09789924618394,4.372629646552053,72.7,148,4.0,4.0,-7.15,0.0676,326,2.28,1.02e-05,102.83326619916986,-2.3599252925742964,29.0,102.3,-2.0,4.0,-4.42,0.0876,324,14.2,0.0011,32.68617553281309,4.2111238799638455,4.0,32.5,4.0,4.0,0,0,0,0,-1676.0,57.3,-2.5,-1676.0,57.3,4.0,24.2,1.01,317,120.0,0.194,16,1,79,6,Layer 2 Down
148.66990082617718,4.08318536902448,66.5,148,4.0,4.0,-3.67,0.0639,326,3.61,2.92e-05,100.80295343126399,-2.3408282991977627,-46.0,101.7,-2.0,4.0,-4.51,0.112,324,15.0,0.00147,32.09189249220529,3.734242739164747,4.0,32.5,4.0,4.0,0,0,0,0,-1676.0,57.3,-3.5,-1676.0,57.3,4.0,21.3,0.93,317,117.0,0.179,16,1,79,6,Layer 2 Down
147.49173772317357,4.029065668522199,91.5,148,4.0,4.0,-4.73,0.0637,326,2.04,0.0,101.23572134568467,-2.0787355983024645,-14.8,101.1,-2.0,4.0,-7.56,0.135,324,15.0,0.0018,32.905848192703004,3.278633083171703,4.0,32.5,4.0,4.0,0,0,0,0,-1666.0,57.4,17.1,-1666.0,57.3,4.000000954,17.3,0.728,319,120.0,0.139,16,1,2,6,Layer 2 Down
148.1035490235988,4.04158463049213,47.8,148,4.0,4.0,-4.52,0.0603,326,2.32,3.74e-05,100.52036966980937,-2.122394469905126,-14.8,100.5,-2.0,4.0,-8.73,0.143,324,15.1,0.00183,31.97350011701925,3.8742487429008765,4.0,32.5,4.0,4.0,0,0,0,0,-1666.0,57.2,-18.3,-1666.0,57.3,3.999999046,23.5,1.05,317,119.0,0.202,16,1,79,6,Layer 2 Down
148.7572946283305,3.726337617109015,47.8,148,4.0,4.0,-4.62,0.0667,326,1.72,3.03e-05,100.78150220248659,-1.8555182385314353,10.25,99.9,-2.0,4.0,-8.4,0.144,324,15.6,0.00179,32.89551113888699,4.579492408722794,4.0,32.5,4.0,4.0,0,0,0,0,-1656.0,57.5,58.3,-1656.0,57.3,4.0,16.5,0.841,317,115.0,0.157,16,1,79,6,Layer 2 Down
147.31319984655266,4.341645178165007,60.3,148,4.243,13.07,-2.32,0.0351,326,1.35,4.98e-06,99.3806200478428,-1.9425856816869198,91.5,99.4,-2.0,4.341,-7.65,0.133,324,16.1,0.0017,33.06158186701295,4.201546800739353,4.0,32.5,4.0,4.0,0,0,0,0,-1656.0,57.4,0.75,-1656.0,57.3,4.0,17.9,0.772,318,120.0,0.148,16,1,79,6,Layer 2 Down
147.46733243232936,4.42507190695395,-33.5,148,5.14,12.91,3.93,0.0737,326,5.88,0.000173,98.43616663499058,-1.9146655702263617,-58.5,98.8,-1.89,5.7,-4.73,0.117,324,15.0,0.00151,32.599834325737454,4.882669724960586,4.0,32.5,4.0,4.0,0,0,0,0,-1646.0,57.3,14.3,-1646.0,57.3,4.0,20.5,1.01,317,120.0,0.194,16,1,79,6,Layer 2 Down
148.82386470652256,5.8695201443108065,41.5,149,5.98,12.57,6.04,0.104,326,8.6,0.000381,97.96148079598497,-2.496200242642738,60.3,98.3,-1.66,6.97,-5.3,0.0901,324,13.9,0.00111,32.41657152621447,4.0775274839040065,4.0,32.5,4.0,4.0,0,0,0,0,-1646.0,57.3,-5.62,-1646.0,57.3,3.999999046,20.7,1.03,322,118.0,0.2,16,1,79,6,Layer 2 Down
148.7835397477737,7.023102197578584,-27.3,149,6.85,12.0,4.33,0.0794,326,8.36,0.000483,98.5505585641569,-0.874658399636566,-21.0,97.7,-1.28,8.28,-6.99,0.133,324,13.5,0.00151,32.68952763710157,5.095765858100898,10.25,32.5,4.0,4.0,0,0,0,0,-1636.0,57.2,-75.9,-1636.0,57.3,3.999999046,21.3,0.913,319,119.0,0.175,16,1,79,6,Layer 2 Down
149.33787897571864,7.789033519626764,10.25,149,7.61,11.26,3.81,0.0807,326,9.85,0.000659,97.55836134423791,-0.5766202163150163,10.25,97.2,-0.79,9.44,-5.71,0.0931,324,12.1,0.000868,31.14520761552478,4.077654813931752,4.0,32.5,4.0,4.0,0,0,0,0,-1636.0,57.4,-42.1,-1626.0,57.3,4.0,18.9,0.993,315,118.0,0.19,16,1,79,6,Layer 2 Down
149.10048192125222,8.243432160091583,22.8,150,8.26,10.4,5.16,0.0988,326,12.5,0.000839,96.54231650279853,-0.3662192813100629,-33.5,96.7,-0.22,10.43,-4.99,0.111,324,12.1,0.00105,32.64310484141143,4.009833771763712,4.0,32.5,4.0,4.0,0,0,0,0,-1626.0,57.3,0.5,-1626.0,57.3,4.0,21.7,0.972,322,118.0,0.188,16,1,79,6,Layer 2 Down
149.26197217295925,8.830890024775583,-14.8,150,8.87,9.32,5.1,0.0927,326,12.0,0.001,96.24200310319087,-0.03620149558746999,-2.25,96.3,0.5,11.35,-5.21,0.116,324,11.6,0.000838,32.446332291755375,3.4403441113348485,4.0,32.5,4.0,4.0,0,0,0,0,-1616.0,57.4,5.88,-1616.0,57.3,4.0,17.4,0.771,318,118.0,0.148,16,1,79,6,Layer 2 Down
150.21430723976363,9.693663453741555,54.0,150,9.33,8.2,6.57,0.108,326,11.6,0.00125,95.05278973942583,0.9309173366377284,-27.3,96.0,1.24,12.04,-5.0,0.0985,325,9.66,0.000617,32.47603000465534,4.485804121201768,-2.25,32.5,4.0,4.0,0,0,0,0,-1616.0,57.1,-88.4,-1616.0,57.3,3.999999046,25.6,1.04,322,120.0,0.198,16,1,79,6,Layer 2 Down
150.75985978531136,9.971670320279406,4.0,151,9.69,6.88,5.23,0.0923,326,12.7,0.00105,96.0595840454432,1.9071962115139485,16.5,95.8,2.11,12.6,-4.84,0.0935,324,8.01,0.000401,32.83450942613534,3.7803505843047214,4.0,32.5,4.0,4.0,0,0,0,0,-1606.0,57.3,-32.8,-1606.0,57.3,3.999999046,23.2,1.05,317,115.0,0.203,16,1,2,6,Layer 2 Down
152.52991414948156,10.101073185677176,60.3,152,9.91,5.56,5.53,0.104,326,13.0,0.00126,94.5240658462345,3.4152021479533885,10.25,95.7,2.99,12.94,-5.06,0.0942,324,7.05,0.000196,32.464600483928486,3.716955739253625,4.0,32.5,4.0,4.0,0,0,0,0,-1606.0,57.4,16.9,-1606.0,57.3,4.0,14.2,0.804,317,117.0,0.152,16,1,79,6,Layer 2 Down
151.73904959642474,10.022506626237845,-27.3,152,10.0,4.192,5.81,0.105,326,14.7,0.00133,96.10236120577297,3.6395762116791373,16.5,95.6,3.891,13.07,-6.6,0.117,325,6.56,5.63e-05,31.960166468872583,4.585460985681401,10.25,32.5,4.0,4.0,0,0,0,0,-1596.0,57.3,8.38,-1596.0,57.3,4.0,23.7,1.0,316,121.0,0.194,16,1,79,6,Layer 2 Down
152.73529586646848,10.370469324600036,-2.25,153,10.0,4.0,4.73,0.0701,326,11.4,0.00091,95.68594679707698,4.239950150335177,4.0,95.6,4.0,4.0,-4.99,0.0924,325,5.3,1.47e-05,32.43305258369809,4.531652461275673,10.25,32.5,4.0,4.0,0,0,0,0,-1596.0,57.3,-6.6,-1596.0,57.3,4.0,23.7,0.943,317,116.0,0.183,16,1,79,6,Layer 2 Down
153.2250020977607,10.020888615628607,60.3,153,10.0,4.0,5.04,0.0897,326,11.9,0.00115,97.19499550562979,3.8191266250412963,4.0,95.6,4.0,4.0,-5.03,0.094,325,4.75,1.5e-05,32.531984297678655,4.520204097571349,22.8,32.5,4.0,4.0,0,0,0,0,-1586.0,57.4,22.3,-1586.0,57.3,4.000000954,17.2,0.718,317,119.0,0.137,16,1,81,6,Layer 2 Down
154.31722423073342,9.485171661187001,4.0,154,10.0,4.0,5.61,0.107,326,13.9,0.00135,94.86487360821988,3.856735457358677,-2.25,95.6,4.0,4.0,-4.89,0.0909,324,4.56,1.44e-05,32.55441572200091,3.841563255093299,10.25,32.5,4.0,4.0,0,0,0,0,-1586.0,57.3,-15.4,-1586.0,57.3,3.999999046,24.7,1.05,316,118.0,0.203,16,1,81,6,Layer 2 Down
154.18631936275352,9.973499526937978,-64.7,155,10.0,4.0,5.29,0.0946,326,14.5,0.0012,95.53139971496802,3.9222775959400336,-2.25,95.6,4.0,4.0,-5.24,0.0918,324,4.13,1.46e-05,32.57666109293198,3.9777011378568408,4.0,32.5,4.0,4.0,0,0,0,0,-1576.0,57.5,56.0,-1576.0,57.3,4.0,15.2,0.846,315,117.0,0.16,16,1,81,6,Layer 2 Down
154.29912996243647,10.210437293294246,-8.5,155,10.0,4.0,5.56,0.0871,326,12.2,0.00106,96.80164169268672,4.406367186176779,-2.25,95.6,4.0,4.0,-5.18,0.0903,324,4.3,1.43e-05,32.99209163967918,3.973817316196806,4.0,32.5,4.0,4.0,0,0,0,0,-1576.0,57.4,3.188,-1576.0,57.3,4.0,17.9,0.76,317,120.0,0.146,16,1,81,6,Layer 2 Down
156.22371429654862,10.450373237181571,35.3,156,10.0,4.0,3.28,0.0791,326,13.7,0.001,96.39610368422936,3.4018171730452944,-2.25,95.6,4.0,4.0,-4.74,0.0905,324,4.64,1.44e-05,31.985814469303634,4.367304440166744,16.5,32.5,4.0,4.0,0,0,0,0,-1566.0,57.3,17.5,-1566.0,57.3,4.0,20.4,0.991,316,119.0,0.192,16,1,81,6,Layer 2 Down
155.5699355263842,9.694915192351678,41.5,156,10.0,4.0,5.57,0.104,326,14.0,0.00133,95.13478109887537,3.5585615326650735,-14.8,95.6,4.0,4.0,-4.98,0.0893,324,4.28,1.43e-05,32.58318578082467,4.704590707598378,10.25,32.5,4.0,4.0,0,0,0,0,-1566.0,57.4,14.6,-1566.0,57.3,4.000000954,23.7,0.906,315,115.0,0.175,16,1,81,6,Layer 2 Down
157.0978276219747,9.613696733980905,-27.3,157,10.0,4.0,6.37,0.111,325,14.2,0.0014,95.7496582552387,3.383632103069009,-2.25,95.6,4.0,4.0,-4.59,0.0899,324,4.91,2.88e-05,33.11072015139114,4.161041881951192,4.0,32.5,4.0,4.0,0,0,0,0,-1556.0,57.2,-63.4,-1556.0,57.3,3.999999046,22.1,0.904,318,118.0,0.173,16,1,2,6,Layer 2 Down
156.4080123426117,10.16511556307269,-21.0,158,10.0,4.0,5.04,0.0809,326,12.9,0.000997,95.6013359986979,3.605779994694406,-21.0,95.6,4.0,4.0,-4.59,0.0895,325,4.74,2.82e-05,31.67874423920228,4.888895566979238,10.25,32.5,4.0,4.0,0,0,0,0,-1556.0,57.4,49.8,-1546.0,57.3,4.0,18.4,0.992,315,118.0,0.189,16,1,81,6,Layer 2 Down
158.1855803975764,10.109091623824725,47.8,158,10.0,4.0,4.33,0.0896,326,12.5,0.00113,95.78840696379369,3.693109490224581,-21.0,95.6,4.0,4.0,-4.35,0.0893,325,4.83,1.42e-05,32.58505412984943,4.392468367599638,4.0,32.5,4.0,4.0,0,0,0,0,-1546.0,57.3,3.75,-1546.0,57.3,4.0,24.0,0.93,316,118.0,0.179,16,1,81,6,Layer 2 Down
158.66461681059286,9.395976094167615,10.25,159,10.0,4.0,6.9,0.107,326,12.2,0.00139,95.13313168893221,3.4889787010523894,-2.25,95.6,4.0,4.0,-4.5,0.088,324,5.3,1.41e-05,32.22285121605538,3.8972894468921293,10.25,32.5,4.0,4.0,0,0,0,0,-1536.0,57.4,9.0,-1536.0,57.3,4.0,17.8,0.769,318,118.0,0.148,16,1,81,6,Layer 2 Down
158.46668152218993,10.060204221375452,-8.5,159,10.0,4.0,4.77,0.0996,326,13.9,0.00122,95.54031482290755,3.7426249667538816,-14.8,95.6,4.0,4.0,-4.99,0.0887,324,4.39,0.0,32.32448632482049,4.387511186246206,16.5,32.5,4.0,4.0,0,0,0,0,-1536.0,57.4,66.1,-1536.0,57.3,4.000000954,18.7,0.938,315,120.0,0.181,16,1,81,6,Layer 2 Down
160.2968058507866,9.52577077565771,-2.25,160,10.0,4.0,4.98,0.0819,325,12.3,0.00103,94.53215843035356,3.3122954689336312,-21.0,95.6,4.0,4.0,-4.94,0.0883,324,4.15,1.38e-05,32.07161682847145,4.771245833623356,10.25,32.5,4.0,4.0,0,0,0,0,-1526.0,57.3,-33.6,-1526.0,57.3,3.999999046,23.5,1.05,316,114.0,0.202,16,1,81,6,Layer 2 Down
160.10047560187587,9.922290068931918,54.0,161,10.0,4.0,4.91,0.1,325,12.8,0.0013,95.69029143297877,3.65278261988748,-14.8,95.6,4.0,4.0,-5.24,0.0882,324,4.11,4.22e-05,32.419725827793584,4.874130734120788,4.0,32.5,4.0,4.0,0,0,0,0,-1526.0,57.4,18.5,-1526.0,57.3,4.0,15.4,0.811,317,116.0,0.154,16,1,81,6,Layer 2 Down
160.74470892934085,10.297114772850867,-21.0,161,10.0,4.0,7.39,0.1,326,13.0,0.00128,95.90071028316383,4.429961297470089,29.0,95.6,4.0,4.0,-5.03,0.0741,325,6.79,-1.16e-05,33.37174666092046,4.494193275359605,-2.25,32.5,4.0,4.0,0,0,0,0,-1516.0,57.3,-19.9,-1516.0,57.3,4.0,22.4,0.915,322,120.0,0.177,16,1,81,6,Layer 2 Down
162.6033990229664,10.356137015118714,-33.5,162,10.0,4.0,6.39,0.118,326,14.8,0.0015,95.44803507924847,4.0777451189924205,-27.3,95.6,4.0,4.0,-3.84,0.0871,324,4.96,2.77e-05,31.901352567950884,4.011231022745615,4.0,32.5,4.0,4.0,0,0,0,0,-1516.0,57.3,-5.37,-1516.0,57.3,4.0,24.1,0.945,317,115.0,0.183,16,1,81,6,Layer 2 Down
161.81677707001978,9.612848446147513,-33.5,162,10.0,4.0,4.69,0.088,326,13.7,0.00111,94.5207997780659,4.0093379285771045,-21.0,95.6,4.0,4.0,-4.59,0.0866,325,4.41,2.77e-05,31.946245482565743,3.930209789561969,10.25,32.5,4.0,4.0,0,0,0,0,-1506.0,57.4,27.8,-1506.0,57.3,4.000000954,18.5,0.714,317,118.0,0.136,16,1,81,6,Layer 2 Down
163.01335034555999,9.953227011790613,60.3,163,10.0,4.0,4.14,0.0923,326,14.8,0.00116,96.26055120120203,3.732596995729581,35.3,95.6,4.0,4.0,-5.48,0.0765,325,6.26,-4.83e-05,31.883596114855457,4.226995613372554,-8.5,32.5,4.0,4.0,0,0,0,0,-1506.0,57.3,-10.3,-1506.0,57.3,4.0,19.0,0.897,321,119.0,0.173,16,1,81,6,Layer 2 Down
163.11181399983968,3.2125222067201507,-596.0,164,9.5,879.0,3.53,0.16,326,3.97,0.000259,95.84358087054453,3.563792972773052,29.0,95.6,3.9601,-5.21,-4.45,0.0747,324,7.2,-4.69e-05,33.3178501190068,4.732262734093655,-2.25,32.5,4.0,4.0,0,0,0,0,-1496.0,57.3,-15.0,-1496.0,57.3,4.0,23.6,1.04,321,118.0,0.2,16,1,2,6,Layer 2 Down
163.74234339242815,10.553312328589444,54.0,164,9.87,1.22,4.05,0.0791,326,12.5,0.000986,95.11486627502946,2.509430302489595,10.25,95.6,2.76,-9.5,-7.28,0.135,324,9.17,0.000302,32.28110421424318,4.214747791436171,10.25,32.5,4.0,4.0,0,0,0,0,-1496.0,57.4,1.62,-1496.0,57.3,4.0,20.0,0.777,317,118.0,0.149,16,1,81,6,Layer 2 Down
165.19589809988844,9.28519846304726,-21.0,165,9.43,-1.77,4.58,0.0768,326,12.5,0.000856,95.21249874770646,1.636323073239928,-33.5,95.4,1.46,-8.5,-3.77,0.0777,324,8.33,0.000351,32.48786112852985,4.2238302403457295,16.5,32.5,4.0,4.0,0,0,0,0,-1486.0,57.3,17.8,-1486.0,57.3,4.0,22.9,1.02,317,117.0,0.197,16,1,81,6,Layer 2 Down
164.77819093401516,8.639894724980673,-27.3,165,8.72,-4.45,5.38,0.0835,326,11.2,0.000823,94.09723113248434,0.7447983753716827,41.5,95.0,0.29,-6.8,-3.47,0.0697,324,10.7,0.000501,32.30930149989285,4.022483456847822,4.0,32.5,4.0,4.0,0,0,0,0,-1486.0,57.4,16.4,-1486.0,57.3,4.000000954,23.3,0.913,316,115.0,0.176,16,1,81,6,Layer 2 Down
165.8288411096893,8.155005011318568,4.0,166,7.71,-6.8,7.9,0.102,326,10.3,0.000795,93.91480621203789,-0.31437948352500666,4.0,94.6,-0.72,-4.54,-9.06,0.155,324,15.0,0.00148,32.05286083893298,3.8565674646265573,-2.25,32.5,4.0,4.0,0,0,0,0,-1476.0,57.3,21.1,-1476.0,57.3,4.000000954,23.1,0.919,322,120.0,0.177,16,1,81,6,Layer 2 Down
166.5665857368748,6.609889501892186,22.8,166,6.59,-8.4,5.21,0.0948,326,9.26,0.000502,93.8406267271633,-1.430396351588352,-52.3,94.1,-1.41,-1.99,-2.78,0.0659,324,11.1,0.000727,32.38866739121215,3.954075946221763,16.5,32.5,4.0,4.0,0,0,0,0,-1476.0,57.4,51.6,-1466.0,57.3,4.0,15.2,1.0,317,121.0,0.191,16,1,81,6,Layer 2 Down
165.56732513857818,5.692177938800674,22.8,166,5.29,-9.4,5.0,0.105,326,6.88,0.000319,94.42084844568653,-2.013454099122433,29.0,93.5,-1.86,0.98,-5.15,0.0945,324,13.1,0.00115,33.663861029527354,4.084240688853603,10.25,32.5,4.0,4.0,0,0,0,0,-1466.0,57.3,5.63,-1466.0,57.3,4.0,31.2,0.958,317,110.0,0.184,16,1,81,6,Layer 2 Down
164.99676783788743,3.6910254666248283,41.5,166,4.0,3.469,2.21,0.0736,326,3.31,3.42e-05,92.57267464115421,-1.6722294004887035,160.0,93.0,4.0,421.0,0.864,0.0368,324,5.78,8.6e-05,33.159079145565286,4.751564975599679,4.0,32.5,4.0,4.0,0,0,0,0,-1456.0,57.4,9.81,-1456.0,57.3,4.0,18.9,0.781,319,118.0,0.15,16,1,81,6,Layer 2 Down
166.66982633429802,3.899692987089871,-27.3,166,4.0,4.0,1.66,0.0415,326,6.32,-3.51e-05,92.92779997042858,-1.921712470609802,-14.8,92.4,-2.0,4.0,-7.92,0.128,325,15.8,0.00159,32.096174649077916,3.8951397005373947,4.0,32.5,4.0,4.0,0,0,0,0,-1456.0,57.3,-21.1,-1456.0,57.3,4.0,25.1,0.948,321,117.0,0.182,16,1,81,6,Layer 2 Down
167.06000855570747,3.5124217624738887,-8.5,166,4.0,4.0,1.38,0.0386,326,6.5,-2.7e-05,91.54028937478957,-1.8836812933043159,-27.3,91.8,-2.0,4.0,-6.81,0.121,325,15.1,0.00145,32.806595432822775,3.9980146054566816,-8.5,32.5,4.0,4.0,0,0,0,0,-1446.0,57.4,42.4,-1446.0,57.3,4.000000954,18.8,0.717,323,118.0,0.136,16,1,82,6,Layer 2 Down
165.83148935847888,3.6899207501125098,-8.5,166,4.0,4.0,3.04,0.0433,326,3.53,-2.16e-05,91.46568212448244,-1.005201095466832,91.5,91.2,-2.0,4.0,-6.15,0.0996,325,14.9,0.00122,32.10631365092844,3.5964495421387914,-2.25,32.5,4.0,4.0,0,0,0,0,-1446.0,57.1,-68.7,-1446.0,57.3,3.999999046,28.6,1.1,321,117.0,0.21,16,1,2,6,Layer 2 Down
165.19466426750722,4.196551637256246,-21.0,166,4.0,4.0,3.05,0.0378,326,4.55,-1.06e-05,90.70551749286437,-2.9077145275476655,4.0,90.8,-2.0,4.0,-4.53,0.0952,325,14.5,0.00127,31.658974698788175,4.288482807267691,-8.5,32.5,4.0,4.0,0,0,0,0,-1436.0,57.4,37.1,-1436.0,57.3,4.0,17.9,0.865,321,116.0,0.165,16,1,82,6,Layer 2 Down
165.87090100712965,3.9853381363068583,-8.5,166,4.0,4.0,1.94,0.0351,326,5.31,-1.51e-05,90.78338897063482,-2.3542807332086673,-14.8,90.2,-2.0,4.0,-8.0,0.121,325,12.1,0.00161,32.98268976413833,4.547839593652278,-14.8,32.5,4.0,4.0,0,0,0,0,-1436.0,57.4,18.9,-1436.0,57.3,4.0,19.7,0.752,322,119.0,0.144,16,1,84,6,Layer 2 Down
165.88098872278843,3.8562489087890857,-27.3,166,4.0,4.0,1.37,0.0438,326,6.26,-2.87e-05,89.24263137572751,-1.7164529634612535,-21.0,89.6,-2.0,4.0,-9.2,0.164,325,15.1,0.00209,33.04924859834521,4.685619688394318,-2.25,32.5,4.0,4.0,0,0,0,0,-1426.0,57.2,-36.4,-1426.0,57.3,4.0,24.2,1.04,321,118.0,0.199,16,1,84,6,Layer 2 Down
165.9210298164226,3.6800224647468553,-58.5,166,4.0,4.0,2.77,0.0524,326,5.52,-2.08e-05,87.94921401777887,-2.463989144507189,-2.25,89.0,-2.0,4.0,-7.81,0.143,325,17.2,0.00178,32.99525581883054,4.063959696394433,-2.25,32.5,4.0,4.0,0,0,0,0,-1426.0,57.4,31.6,-1426.0,57.3,4.000000954,22.1,0.87,322,118.0,0.168,16,1,84,6,Layer 2 Down
165.5370541286959,3.885172749907796,-27.3,166,4.0,4.0,-2.21,0.0498,326,11.0,-1.65e-05,87.47656179130726,-2.0237612047958295,-14.8,88.4,-2.0,4.0,-7.84,0.143,325,16.2,0.00183,32.27754122845284,4.2262453080979325,-8.5,32.5,4.0,4.0,0,0,0,0,-1416.0,57.3,-44.4,-1416.0,57.3,3.999999046,21.4,0.945,322,116.0,0.182,16,1,84,6,Layer 2 Down
166.24098106677582,4.03846499578712,-33.5,166,4.0,4.0,0.827,0.0411,326,6.89,-2.9e-05,87.4445918126475,-1.8474531305553155,22.8,87.8,-2.0,4.0,-8.13,0.133,324,15.3,0.00162,32.42103964919393,3.932831008446764,4.0,32.5,4.0,4.0,0,0,0,0,-1416.0,57.3,-18.4,-1416.0,57.3,4.0,20.6,1.02,321,116.0,0.195,16,1,84,6,Layer 2 Down
166.21808975371974,4.213774080857956,-33.5,166,4.0,4.0,2.22,0.0419,326,5.54,-1.83e-05,86.36536017197783,-1.720676450108407,66.5,87.2,-2.0,4.0,-5.41,0.0971,325,15.2,0.00117,32.854978207671664,4.205976280187009,-2.25,32.5,4.0,4.0,0,0,0,0,-1406.0,57.3,-2.0,-1406.0,57.3,4.0,24.8,0.886,321,120.0,0.17,16,1,84,6,Layer 2 Down
165.37862731976642,3.1537497999995017,-58.5,166,4.0,4.0,1.38,0.0419,326,6.16,-2.32e-05,86.87410956579895,-2.3251579872484838,110.0,86.6,-2.0,4.0,-3.98,0.0632,325,14.4,0.000711,32.685354689836494,4.137340790811738,4.0,32.5,4.0,4.0,0,0,0,0,-1406.0,57.4,9.88,-1406.0,57.3,4.0,19.6,0.814,322,118.0,0.157,16,1,84,6,Layer 2 Down
166.2907254505884,3.6806342371689023,-39.8,166,4.0,4.0,3.88,0.0389,326,4.01,-1.07e-05,85.6887670166835,-1.991577957298277,16.5,86.0,-2.0,4.0,-2.06,0.0548,324,13.5,0.000637,32.313631443386974,4.025487150269967,4.0,32.5,4.0,4.0,0,0,0,0,-1396.0,57.3,18.2,-1396.0,57.3,4.000000954,24.3,0.904,321,118.0,0.174,16,1,84,6,Layer 2 Down
166.85350479949423,3.921741391386217,-58.5,166,4.0,4.0,3.61,0.0401,326,4.79,-1.51e-05,86.98674623241547,-1.9191044001164488,-27.3,85.4,-2.0,4.0,-3.74,0.0833,324,14.1,0.00108,31.733446762133713,4.035258920087079,-2.25,32.5,4.0,4.0,0,0,0,0,-1386.0,57.3,-22.4,-1386.0,57.3,3.999999046,23.3,1.01,320,117.0,0.196,16,1,84,6,Layer 2 Down
166.07150097084966,3.89595469048625,-39.8,166,4.0,4.0,2.22,0.0453,326,5.51,-2.34e-05,83.63883412735616,-1.6590872496751576,47.8,84.8,-2.0,4.0,-5.52,0.103,324,15.2,0.00126,32.55391446982002,4.172688703006253,-2.25,32.5,4.0,4.0,0,0,0,0,-1386.0,57.5,43.7,-1386.0,57.3,4.0,15.4,0.803,321,115.0,0.154,16,1,2,6,Layer 2 Down
165.85974046317486,4.243509190213584,72.7,166,4.0,4.0,0.84,0.0507,326,3.04,1.43e-05,84.33607061730247,-2.2054937441851097,-21.0,84.1,-2.0,4.0,-6.61,0.101,324,13.6,0.0012,33.01085956927162,3.896326076479175,16.5,32.5,4.0,4.0,0,0,0,0,-1376.0,57.4,59.4,-1376.0,57.3,4.0,19.7,0.961,318,114.0,0.184,16,1,84,6,Layer 2 Down
165.94095517524295,3.9786015122253207,-58.5,166,4.0,4.0,2.21,0.0395,326,6.01,-2.29e-05,82.84628557502742,-2.072617299476781,41.5,83.6,-2.0,4.0,-4.39,0.0775,325,14.7,0.000953,31.932999099124043,3.893922300203714,4.0,32.5,4.0,4.0,0,0,0,0,-1376.0,57.3,-16.4,-1376.0,57.3,4.0,22.7,0.935,321,119.0,0.181,16,1,84,6,Layer 2 Down
166.25582327933785,4.060431900155596,85.2,166,4.0,4.0,1.94,0.0509,326,1.82,3.68e-05,82.6703021315627,-2.4846939959109693,-39.8,83.0,-2.0,4.0,-7.08,0.131,324,14.3,0.00169,32.802422082922455,4.746867756797181,4.0,32.5,4.0,4.0,0,0,0,0,-1366.0,57.3,-33.3,-1366.0,57.3,3.999999046,22.9,1.07,320,114.0,0.205,16,1,84,6,Layer 2 Down
165.2803881089204,4.020214122609756,91.5,166,4.0,4.0,0.278,0.0449,326,2.86,1.28e-05,82.49449852503389,-2.105274667750079,-8.5,82.4,-2.0,4.0,-8.71,0.144,324,15.2,0.00184,32.65696917007293,5.18570049510987,4.0,32.5,4.0,4.0,0,0,0,0,-1366.0,57.4,15.1,-1366.0,57.3,4.0,15.0,0.829,321,117.0,0.158,16,1,84,6,Layer 2 Down
166.06835352487957,4.077873335914534,85.2,166,4.0,4.0,0.824,0.0477,326,2.56,6.68e-06,80.24615341939173,-1.2683767389080693,-14.8,81.8,-2.0,4.0,-7.57,0.138,324,16.1,0.00169,32.855159402390534,3.4981622034403976,16.5,32.5,4.0,4.0,0,0,0,0,-1356.0,57.3,5.94,-1356.0,57.3,4.0,23.8,1.03,320,120.0,0.198,16,1,84,6,Layer 2 Down
165.83764539721042,4.537492671330347,97.7,166,4.0,4.0,1.39,0.0519,326,1.98,3.22e-05,81.35825061568487,-1.869710161676623,-39.8,81.2,-2.0,4.0,-7.59,0.135,324,14.8,0.00166,32.912838784755635,3.4490574197910284,4.0,32.5,4.0,4.0,0,0,0,0,-1356.0,57.3,-2.88,-1356.0,57.3,4.0,22.0,0.953,320,117.0,0.184,16,1,84,6,Layer 2 Down
166.7683241856665,3.884941059455607,60.3,166,4.0,4.0,4.44,0.0411,326,3.12,-1.76e-05,81.97155012116227,-2.82588009886041,-109.0,80.6,-2.0,4.0,-6.2,0.113,325,13.9,0.00154,32.17120385076888,3.5563034495948025,-2.25,32.5,4.0,4.0,0,0,0,0,-1346.0,57.4,10.81,-1346.0,57.3,4.000000954,18.5,0.74,321,119.0,0.141,16,1,84,6,Layer 2 Down
165.9275791144033,4.081547812897618,54.0,166,4.0,4.0,1.1,0.0493,326,2.83,2.13e-05,79.79700601071734,-1.9729196221394627,-64.7,80.1,-2.0,4.0,-6.2,0.135,324,14.6,0.00178,31.734446892167945,3.9548175570117716,4.0,32.5,4.0,4.0,0,0,0,0,-1346.0,57.3,-12.7,-1346.0,57.3,3.999999046,24.1,1.06,320,118.0,0.206,16,1,84,6,Layer 2 Down
166.69350635564058,3.9288646926175352,-71.0,166,4.0,4.0,3.34,0.0404,326,5.33,-1.13e-05,79.67360734473401,-2.427875212733988,-8.5,79.4,-2.0,4.0,-7.3,0.122,324,14.0,0.00157,32.24740396639894,4.366849868688557,-2.25,32.5,4.0,4.0,0,0,0,0,-1336.0,57.5,55.8,-1336.0,57.3,4.0,15.7,0.964,321,116.0,0.186,16,1,84,6,Layer 2 Down
165.54106548679428,4.358420466188419,-64.7,166,3.99695,3.236,3.34,0.045,326,4.33,-1.77e-05,79.68486740890592,2.7454850030420967,41.5,79.0,2.0,-496.0,0.167,0.0538,325,3.62,2.75e-06,32.920959351930385,4.258637450635161,4.0,32.5,4.0,4.0,0,0,0,0,-1336.0,57.3,-14.9,-1336.0,57.3,4.0,21.7,1.01,320,115.0,0.194,16,1,84,6,Layer 2 Down
166.24418189923034,2.831771480950122,72.7,166,2.65,-9.4,-3.57,0.0583,326,7.73,0.000152,78.29044391440078,-2.1495399658243257,-64.7,78.4,-1.85,7.03,-6.87,0.131,324,15.8,0.00164,32.243387018400654,4.050253231709309,-8.5,32.5,4.0,4.0,0,0,0,0,-1326.0,57.3,-3.5,-1326.0,57.3,4.0,25.0,0.89,320,119.0,0.171,16,1,2,6,Layer 2 Down
166.13280637823303,1.7516908592918055,29.0,166,1.36,-8.4,-6.12,0.0986,326,9.91,0.000506,77.51179405054474,-1.2406343943731093,129.0,77.8,-1.39,10.0,-4.38,0.0682,325,13.8,0.000696,32.171403608838226,4.206377354236213,-8.5,32.5,4.0,4.0,0,0,0,0,-1326.0,57.4,15.7,-1326.0,57.3,4.0,19.5,0.81,321,117.0,0.157,16,1,86,6,Layer 2 Down
165.63865083850484,0.5619471501995525,-52.3,166,0.2,-6.7,-4.8,0.0888,326,11.6,0.000714,75.8793202206336,-0.1734272699131476,110.0,77.3,-0.65,12.65,-5.23,0.0904,324,14.4,0.000874,31.637677535645516,3.67225410828377,-2.25,32.5,4.0,4.0,0,0,0,0,-1316.0,57.3,18.0,-1316.0,57.3,4.000000954,25.7,0.917,320,117.0,0.176,16,1,86,6,Layer 2 Down
165.07376116480899,-0.7387305684374889,-33.5,165,-0.75,-4.44,-5.09,0.11,326,14.4,0.00109,77.3283192131353,0.6530766369759127,35.3,76.9,0.34,14.8,-5.16,0.0837,325,11.2,0.000605,33.32979497332082,3.8682110323047967,-8.5,32.5,4.0,4.0,0,0,0,0,-1306.0,57.3,-20.6,-1306.0,57.3,3.999999046,21.7,1.0,320,119.0,0.194,16,1,86,6,Layer 2 Down
165.50416437778577,-1.261907799568453,16.5,165,-1.46,-1.76,-7.33,0.118,326,13.8,0.00128,76.524379241789,1.7455403252948014,4.0,76.6,1.51,16.5,-5.36,0.095,325,10.4,0.000467,32.89093600266524,3.991209848790644,4.0,32.5,4.0,4.0,0,0,0,0,-1306.0,57.5,35.3,-1306.0,57.3,4.0,16.1,0.802,320,114.0,0.154,16,1,86,6,Layer 2 Down
163.86536766426622,-1.9766737256685525,29.0,164,-1.88,1.23,-5.22,0.0854,326,14.1,0.00105,75.72331009286559,2.4221645218668626,29.0,76.4,2.82,17.5,-8.64,0.109,325,6.45,0.000243,32.864509004438936,3.3070010379636594,4.0,32.5,4.0,4.0,0,0,0,0,-1296.0,57.2,-40.8,-1296.0,57.3,4.0,26.7,1.0,320,119.0,0.192,16,1,86,6,Layer 2 Down
162.29648326249145,0.5948409071216417,-1086.0,163,-2.0,-121.0,-17.0,0.22,326,18.8,0.00193,76.48459374167358,3.778661271629589,-21.0,76.4,4.0,4.0,-2.53,0.0542,325,2.59,-8.32e-06,32.958171786688915,3.491996928242722,4.0,32.5,4.0,4.0,0,0,0,0,-1296.0,57.4,33.6,-1296.0,57.3,4.0,17.8,0.819,321,119.0,0.157,16,1,86,6,Layer 2 Down
162.9926973905772,-1.9490301523684361,-27.3,163,-2.0,4.0,-4.64,0.0834,326,12.9,0.00106,76.00997639500034,4.111094749383106,22.8,76.4,4.0,4.0,-1.26,0.0442,325,3.2,-6.88e-06,32.77304388622698,3.509382590464827,-2.25,32.5,4.0,4.0,0,0,0,0,-1286.0,57.4,40.0,-1286.0,57.3,4.000000954,19.3,0.728,321,118.0,0.138,16,1,86,6,Layer 2 Down
161.6247731876278,-1.882130843491618,-14.8,162,-2.0,4.0,-6.09,0.104,326,14.1,0.00131,76.04689806290305,3.8511219428689913,29.0,76.4,4.0,4.0,-1.45,0.0297,325,3.14,0.0,32.384321947479535,4.309251195940431,-2.25,32.5,4.0,4.0,0,0,0,0,-1286.0,57.2,-64.6,-1286.0,57.3,3.999999046,28.9,1.11,320,116.0,0.212,16,1,86,6,Layer 2 Down
161.85765490721525,-1.6108734874303774,66.5,162,-2.0,4.0,-6.77,0.102,326,15.2,0.0012,76.8051324661307,3.9618904728403086,29.0,76.4,4.0,4.0,-0.429,0.0303,325,4.54,-3.98e-06,32.42246551221429,4.0823279706307325,-2.25,32.5,4.0,4.0,0,0,0,0,-1276.0,57.4,47.7,-1276.0,57.3,4.0,15.6,0.851,319,117.0,0.162,16,1,86,6,Layer 2 Down
160.96607586959578,-2.2105829966314023,97.7,161,-2.0,4.0,-4.43,0.0676,326,13.5,0.000846,75.5056736331012,4.189700409519804,35.3,76.4,4.0,4.0,-1.89,0.0303,325,2.64,3.99e-06,32.29756867854669,4.267302367108194,4.0,32.5,4.0,4.0,0,0,0,0,-1276.0,57.4,15.8,-1276.0,57.3,4.0,19.9,0.759,321,118.0,0.145,16,1,86,6,Layer 2 Down
160.29079115137426,-2.334241989293209,10.25,160,-2.0,4.0,-5.67,0.0835,326,12.7,0.00103,77.09983112962868,3.914605241229421,22.8,76.4,4.0,4.0,-2.58,0.0311,325,2.15,-4.09e-06,33.74742400623567,3.1702620566039954,-2.25,32.5,4.0,4.0,0,0,0,0,-1266.0,57.2,-36.0,-1266.0,57.3,4.0,24.3,1.06,319,118.0,0.202,16,1,2,6,Layer 2 Down
159.3282105344553,-1.3202699348899625,-8.5,160,-2.0,4.0,-6.23,0.101,326,12.8,0.0013,75.4660460136427,4.071553178192562,10.25,76.4,4.0,4.0,-2.45,0.0298,325,2.23,7.7e-06,32.76319781634536,3.3510291818618727,4.0,32.5,4.0,4.0,0,0,0,0,-1266.0,57.4,38.3,-1266.0,57.3,4.000000954,20.2,0.846,319,119.0,0.162,16,1,86,6,Layer 2 Down
159.20044301069908,-1.9022439858408606,60.3,159,-2.0,4.0,-5.7,0.0895,326,14.1,0.00108,75.95717339240372,4.554136026605344,29.0,76.4,4.0,4.0,-1.82,0.0321,325,2.6,-4.31e-06,32.2804126255401,4.265116697086662,-2.25,32.5,4.0,4.0,0,0,0,0,-1256.0,57.3,-46.3,-1256.0,57.3,3.999999046,22.6,0.95,320,115.0,0.183,16,1,86,6,Layer 2 Down
158.7826539776487,-2.1276227306323583,79.0,159,-2.0,4.0,-5.23,0.0733,326,13.7,0.000874,77.6849402898088,3.945602646997972,10.25,76.4,4.0,4.0,-1.21,0.034,325,3.1,0.0,32.720390507091544,2.784499862633832,4.0,32.5,4.0,4.0,0,0,0,0,-1256.0,57.3,-11.9,-1256.0,57.3,4.0,20.8,1.0,319,116.0,0.193,16,1,86,6,Layer 2 Down
156.93358132179426,-1.7795528210412983,-83.5,158,-2.0,4.0,-4.78,0.092,326,13.3,0.00118,77.15331465779535,4.323288161688992,-14.8,76.4,4.0,4.0,-0.941,0.0351,324,2.46,9.67e-06,32.021401810338105,4.53570137668208,4.0,32.5,4.0,4.0,0,0,0,0,-1246.0,57.3,9.5,-1246.0,57.3,4.0,21.2,1.02,322,118.0,0.197,16,1,86,6,Layer 2 Down
158.32633753254456,-1.8872065695030606,-52.3,157,-2.0,4.0,-5.4,0.105,326,15.3,0.00138,76.46522039087239,4.1520537859535995,-14.8,76.4,4.0,4.0,-2.33,0.0347,325,1.07,-9.47e-06,33.21231212982385,3.177408877550045,-2.25,32.5,4.0,4.0,0,0,0,0,-1246.0,57.4,15.1,-1246.0,57.3,4.000000954,21.7,0.897,322,116.0,0.173,16,1,86,6,Layer 2 Down
157.11325112981694,-1.7301420267429934,35.3,157,-2.0,4.0,-5.71,0.107,326,15.4,0.00129,75.7715241895956,3.5605833909607534,16.5,76.4,4.0,4.0,-1.77,0.0362,325,2.91,4.12e-06,32.187015332150416,4.368912452423542,4.0,32.5,4.0,4.0,0,0,0,0,-1236.0,57.3,22.8,-1236.0,57.3,4.000000954,23.0,0.905,319,119.0,0.175,16,1,86,6,Layer 2 Down
155.70317141017145,-1.940557289642273,79.0,156,-2.0,4.0,-5.51,0.0923,326,14.2,0.00112,76.04633263621355,3.6761477015384574,16.5,76.4,4.0,4.0,-3.04,0.032,325,0.969,4.35e-06,32.73724003842914,3.6112978969295697,-2.25,32.5,4.0,4.0,0,0,0,0,-1226.0,57.3,-18.4,-1226.0,57.3,3.999999046,21.6,1.01,319,118.0,0.194,16,1,86,6,Layer 2 Down
155.45246303493107,-2.2736239815973174,-27.3,156,-2.0,4.0,-4.14,0.0809,326,14.3,0.00103,76.448963618561,3.7361472919648344,10.25,76.4,4.0,4.0,-1.77,0.0313,325,2.74,3.64e-06,33.00468953471934,4.458832021898978,4.0,32.5,4.0,4.0,0,0,0,0,-1226.0,57.5,37.6,-1226.0,57.3,4.0,16.0,0.812,319,113.0,0.155,16,1,86,6,Layer 2 Down
155.34752826528853,-2.0998233201589245,-27.3,155,-2.0,4.0,-5.64,0.107,326,14.1,0.00139,76.42507356325714,3.779424638081114,29.0,76.4,4.0,4.0,-3.21,0.0323,325,1.9,0.0,32.682169542897675,5.428376627824017,16.5,32.5,4.0,4.0,0,0,0,0,-1216.0,57.2,-42.3,-1216.0,57.3,4.0,27.3,1.0,319,119.0,0.193,16,1,86,6,Layer 2 Down
155.14525971383048,-2.2862390482221957,60.3,154,-2.0,4.0,-6.16,0.109,326,15.0,0.00137,76.33927873852683,4.021421171215054,29.0,76.4,4.0,4.0,-1.89,0.0399,325,3.11,1.53e-05,32.544727032618766,3.0056220861097964,4.0,32.5,4.0,4.0,0,0,0,0,-1216.0,57.3,-18.1,-1216.0,57.3,4.0,22.1,0.949,319,119.0,0.183,16,1,2,6,Layer 2 Down
154.99068415341011,-2.055832473480983,29.0,154,-2.0,4.0,-6.16,0.0986,325,14.1,0.00121,76.37939727086223,4.194549301235557,10.25,76.4,4.0,4.0,-2.58,0.0344,325,1.95,0.0,32.505114271658115,4.30418550160541,4.0,32.5,4.0,4.0,0,0,0,0,-1206.0,57.4,40.3,-1206.0,57.3,4.000000954,20.1,0.728,320,116.0,0.138,16,1,86,6,Layer 2 Down
153.17471408855172,-1.8830275000406558,72.7,153,-2.0,4.0,-7.48,0.088,326,11.9,0.00107,76.25675146998796,4.422287167543392,16.5,76.4,4.0,4.0,-2.79,0.0322,325,1.6,4.03e-06,32.47327783423197,3.2090380253207105,4.0,32.5,4.0,4.0,0,0,0,0,-1206.0,57.2,-58.0,-1206.0,57.3,3.999999046,28.9,1.09,319,117.0,0.208,16,1,86,6,Layer 2 Down
153.16120666091317,-1.5863465166189026,-8.5,153,-2.0,4.0,-4.35,0.0858,326,14.2,0.00109,75.43644907996462,4.047544665659382,-14.8,76.4,4.0,4.0,-1.01,0.0295,324,2.6,4.19e-06,32.22696078798548,4.186685626747612,4.0,32.5,4.0,4.0,0,0,0,0,-1196.0,57.3,-31.9,-1196.0,57.3,3.999999046,21.2,0.993,322,117.0,0.192,16,1,86,6,Layer 2 Down
151.93059149807672,-1.8247340609624074,16.5,152,-2.0,4.0,-6.12,0.114,326,15.2,0.00144,76.0548600970899,3.88393193552314,16.5,76.4,4.0,4.0,-2.01,0.0324,325,2.28,8.71e-06,32.28719104725567,3.909549667426412,4.0,32.5,4.0,4.0,0,0,0,0,-1196.0,57.4,21.6,-1196.0,57.3,4.0,19.9,0.75,319,117.0,0.144,16,1,86,6,Layer 2 Down
152.33961476256627,-2.5357653027722717,29.0,151,-2.0,4.0,-6.59,0.105,326,14.3,0.00128,77.0111649408716,3.3659216599163733,22.8,76.4,4.0,4.0,-2.84,0.0312,325,1.82,8.43e-06,33.200515429609005,4.05677192726138,4.0,32.5,4.0,4.0,0,0,0,0,-1186.0,57.2,-31.3,-1186.0,57.3,4.0,25.2,1.05,318,117.0,0.203,16,1,86,6,Layer 2 Down
151.25990993457376,-1.9776122794476194,60.3,151,-2.0,4.0,-4.88,0.0896,326,14.3,0.0011,75.4856593521567,4.04734326129866,22.8,76.4,4.0,4.0,-3.09,0.0334,325,1.81,0.0,32.44861308425105,3.601192319700377,4.0,32.5,4.0,4.0,0,0,0,0,-1186.0,57.4,35.4,-1186.0,57.3,4.000000954,21.0,0.86,318,119.0,0.165,16,1,86,6,Layer 2 Down
150.52046627312708,-1.2651523610617177,-52.3,150,-2.0,4.0,-5.38,0.105,325,14.1,0.00136,76.27333628227161,4.033156872569924,16.5,76.4,4.0,4.0,-2.4,0.0373,324,1.66,4.69e-06,32.127962967970966,4.34143959094183,4.0,32.5,4.0,4.0,0,0,0,0,-1176.0,57.3,-37.5,-1176.0,57.3,3.999999046,22.3,0.943,319,114.0,0.182,16,1,86,6,Layer 2 Down
149.78323434084783,-1.6254675062335484,22.8,150,-2.0,4.0,-6.14,0.11,326,14.4,0.00144,75.85222864058451,4.107901254047706,29.0,76.4,4.0,4.0,-0.502,0.0359,325,4.34,9.63e-06,32.25555772779253,3.366430926292913,4.0,32.5,4.0,4.0,0,0,0,0,-1176.0,57.3,-3.62,-1176.0,57.3,4.0,20.3,0.993,318,116.0,0.192,16,1,86,6,Layer 2 Down
148.81895791552924,-1.9582336438109318,79.0,149,-2.0,4.0,-7.04,0.103,325,14.3,0.00128,76.47440595761995,4.6916746052957885,10.25,76.4,4.0,4.0,-3.65,0.0349,324,2.2,4.58e-06,33.02097300296415,4.54314130797768,4.0,32.5,4.0,4.0,0,0,0,0,-1166.0,57.3,-0.69,-1166.0,57.3,4.0,24.4,0.903,318,120.0,0.173,16,1,86,6,Layer 2 Down
147.80078927871406,-1.7563369356699332,-2.25,148,-2.0,4.0,-6.46,0.114,325,14.8,0.00146,76.14030972169157,4.442677992946216,22.8,76.4,4.0,4.0,-1.96,0.0405,324,2.22,0.0,32.81986749799547,3.8209777094611495,4.0,32.5,4.0,4.0,0,0,0,0,-1166.0,57.4,23.4,-1156.0,57.3,4.0,18.1,1.0,318,119.0,0.194,16,1,2,6,Layer 2 Down
148.32881473309885,-2.6879984858812422,-390.0,148,-1.99,4.661,-2.78,0.0472,326,13.0,0.000353,77.38721568491714,4.348490249843836,10.25,76.4,4.316,17.7,-0.362,0.0157,324,3.58,7.4e-07,32.765289124613105,3.3864075507574833,4.0,32.5,4.0,4.0,0,0,0,0,-1156.0,57.3,4.812,-1156.0,57.3,4.0,22.4,0.973,322,117.0,0.188,16,1,86,6,Layer 2 Down
147.62302291266357,-2.4277394202533595,-77.2,147,-1.76,7.76,-3.15,0.0752,326,12.6,0.000939,76.83850614591609,5.345479954659509,60.3,76.5,5.67,17.2,5.46,0.094,324,7.2,0.000313,32.378076002317734,4.697688526477222,4.0,32.5,4.0,4.0,0,0,0,0,-1146.0,57.4,35.7,-1146.0,57.3,4.000000954,18.7,0.809,322,118.0,0.155,16,1,88,6,Layer 2 Down
146.80921448417575,-1.252348544062697,66.5,147,-1.21,10.78,-5.47,0.0928,326,13.6,0.00101,75.82343426706015,6.987625093246734,60.3,76.7,6.98,16.0,6.64,0.128,324,11.2,0.000879,32.77145976634316,3.9705416568732335,4.0,32.5,4.0,4.0,0,0,0,0,-1146.0,57.4,58.7,-1146.0,57.3,4.000000954,18.7,0.918,317,121.0,0.177,16,1,88,6,Layer 2 Down
145.82337941839143,-0.6231101560930139,-21.0,146,-0.43,13.22,-4.37,0.0941,326,11.0,0.000864,77.44852420646608,8.219979450608061,29.0,77.1,8.05,14.2,4.72,0.0834,324,10.8,0.000727,32.1953045207965,4.834475516393754,4.0,32.5,4.0,4.0,0,0,0,0,-1136.0,57.4,56.4,-1136.0,57.3,4.0,17.3,0.937,322,116.0,0.177,16,1,88,6,Layer 2 Down
146.1305930624243,-0.08002652401519883,29.0,146,0.65,15.4,-4.86,0.0832,325,9.39,0.000608,76.98236649379082,8.504565403146627,-64.7,77.5,8.98,11.73,4.17,0.0621,324,11.1,0.000569,32.37708514603812,4.534269537008818,4.0,32.5,4.0,4.0,0,0,0,0,-1136.0,57.4,-6.2,-1136.0,57.3,4.0,18.1,0.872,319,114.0,0.167,16,1,88,6,Layer 2 Down
145.8978125617731,1.4423848343296344,35.3,146,1.87,16.8,-5.73,0.0965,325,9.29,0.000482,77.61444273014807,9.608408796006234,-64.7,78.1,9.61,8.95,7.06,0.102,324,12.3,0.00117,32.95915614160534,3.6508594619314145,4.0,32.5,4.0,4.0,0,0,0,0,-1126.0,57.3,1.31,-1126.0,57.3,4.0,22.8,0.949,318,123.0,0.183,16,1,88,6,Layer 2 Down
146.39586315946084,2.873036518004803,-77.2,146,3.142,17.6,-2.53,0.0473,326,4.11,8.76e-05,78.80969838047896,10.242970047357327,72.7,78.6,9.94,6.03,9.7,0.145,324,12.7,0.00187,32.91392875673713,3.9628220954501807,4.0,32.5,4.0,4.0,0,0,0,0,-1126.0,57.4,54.7,-1126.0,57.3,4.000000954,21.6,0.937,322,116.0,0.18,16,1,88,6,Layer 2 Down
144.0637127752971,3.7300815034362054,-71.0,145,4.0,4.0,-3.39,0.0549,326,3.08,-8.54e-06,78.77140730511833,8.935524980142953,-8.5,79.2,10.0,4.0,12.3,0.21,324,15.6,0.00263,32.03511254883589,4.052946787945393,4.0,32.5,4.0,4.0,0,0,0,0,-1116.0,57.3,-31.9,-1116.0,57.3,3.999999046,21.0,0.979,322,118.0,0.189,16,1,88,6,Layer 2 Down
144.6562566923246,4.265992860009892,85.2,145,4.0,4.0,-3.38,0.0645,326,6.16,1.91e-05,80.29661909153957,10.17882064454758,-2.25,79.8,10.0,4.0,7.04,0.107,324,12.9,0.00132,32.09494905389097,4.667665461711229,4.0,32.5,4.0,4.0,0,0,0,0,-1116.0,57.2,-7.1,-1116.0,57.3,3.999999046,24.1,1.07,318,120.0,0.207,16,1,88,6,Layer 2 Down
144.67467190430472,3.443138725905781,-89.7,145,4.0,4.0,-1.65,0.046,326,4.29,-1.39e-05,79.78246124308022,10.03238362758707,-33.5,80.4,10.0,4.0,4.04,0.0643,325,13.3,0.00077,32.55146528163036,4.191387573651612,4.0,32.5,4.0,4.0,0,0,0,0,-1106.0,57.2,-30.4,-1106.0,57.3,4.0,25.2,1.03,318,119.0,0.199,16,1,2,6,Layer 2 Down
144.0351977967757,4.434801751167413,117.0,145,4.0,4.0,-5.32,0.07,326,4.1,3.07e-05,80.38641101601443,4.452708304204571,4.0,80.8,6.0,504.0,-4.61,0.0781,324,2.37,2.32e-05,33.31724130106357,4.077117373705104,4.0,32.5,4.0,4.0,0,0,0,0,-1106.0,57.4,10.94,-1106.0,57.3,4.0,17.4,0.727,320,118.0,0.139,16,1,88,6,Layer 2 Down
144.59931989346643,3.8522196470426193,97.7,145,4.0,4.0,-1.49,0.0649,326,8.88,1.99e-05,80.96140353340093,10.303748777449936,47.8,81.4,10.0,4.0,5.47,0.103,324,12.8,0.00139,31.59307131350084,3.912564753315182,4.0,32.5,4.0,4.0,0,0,0,0,-1096.0,57.3,-9.6,-1096.0,57.3,4.0,21.2,1.05,318,120.0,0.203,16,1,89,6,Layer 2 Down
144.619478807498,4.707624139288042,104.0,145,4.0,4.0,-4.18,0.0691,326,4.16,3.24e-05,81.42203205712097,4.039008458917747,29.0,81.8,4.0,4.0,2.38,0.0319,325,0.764,-8.59e-06,32.83177736366077,21.477884350444302,1114.0,32.9,30.0,1004.0,0,0,0,0,-1096.0,57.3,-5.25,-1096.0,57.3,4.0,20.8,0.995,318,116.0,0.191,16,1,89,50,Repositioning
144.91638084297293,3.2959219124798844,-96.0,145,4.0,4.0,-2.24,0.0462,325,3.19,-1.32e-05,82.53449559862831,4.332911668152063,29.0,81.8,4.0,4.0,2.0,0.0273,323,1.28,-6.11e-06,36.64850915311173,54.670680240490206,22.8,37.7,54.0,4.0,0,0,0,0,-1086.0,57.5,47.9,-1086.0,57.3,4.0,13.0,0.837,322,116.0,0.156,16,1,91,50,Repositioning
145.46277034155767,3.9040150033713186,117.0,145,4.0,4.0,-3.04,0.0647,325,6.63,0.0,82.22017072252743,3.868180778994492,-8.5,81.8,4.0,4.0,1.46,0.0255,323,0.414,2.61e-06,42.19967454752535,54.00162086717175,-8.5,42.9,54.0,4.0,0,0,0,0,-1086.0,57.4,21.6,-1076.0,57.3,4.0,17.9,1.0,316,119.0,0.194,16,1,91,50,Repositioning
144.89810397416161,3.9226206966881993,-96.0,145,4.0,4.0,-1.7,0.0423,325,3.81,-6.21e-06,82.9426091310327,4.262061939590423,4.0,81.8,4.0,4.0,1.15,0.03,323,0.473,0.0,47.12746053611306,53.92721255153084,16.5,47.7,54.0,4.0,0,0,0,0,-1076.0,57.3,4.0,-1076.0,57.3,4.0,22.7,0.963,321,117.0,0.185,16,1,91,50,Repositioning
144.5713884666307,4.688940384109104,91.5,145,4.0,4.0,-2.75,0.0443,325,7.09,-6.06e-06,83.3152724551172,4.084234841485251,10.25,81.8,4.0,4.0,1.08,0.0231,323,0.693,-7.38e-06,52.1009093678205,53.753062211117616,-2.25,52.7,54.0,4.0,0,0,0,0,-1066.0,57.3,-22.6,-1066.0,57.3,3.999999046,21.0,0.993,316,118.0,0.192,16,1,91,50,Repositioning
144.97631834660152,4.217557496343089,60.3,145,4.0,4.0,-4.48,0.0713,326,3.59,4.25e-05,81.11126006239354,3.5337542784750093,-21.0,81.8,4.0,4.0,1.46,0.0229,324,1.26,-2.62e-06,56.9472730975728,31.7577611924558,-1166.0,57.3,24.0,-996.0,0,0,0,0,-1066.0,57.5,49.0,-1066.0,57.3,4.0,15.7,0.794,317,113.0,0.152,16,1,91,50,Repositioning
146.43624556582182,12.715363819912369,779.0,146,20.1,898.0,19.0,0.319,325,23.8,0.00653,81.74705507317637,-0.8279335767945962,-477.0,81.7,-4.05,-443.0,-9.94,0.189,324,17.1,0.002,57.50341219913679,3.3866676879340387,10.25,57.5,4.0,4.0,0,0,0,0,-1056.0,57.4,55.6,-1056.0,57.3,4.0,18.9,0.939,323,115.0,0.178,16,1,91,50,Repositioning
148.59419709259376,48.9051522221614,60.3,150,48.7,3.9999046,8.87,0.173,324,64.2,0.0164,79.01404604018333,-18.1446833919336,-8.5,79.6,-18.4,4.0,-9.3,0.15,323,36.8,0.00707,57.24658203386143,3.6967561250641716,16.5,57.5,4.0,4.0,0,0,0,0,-1056.0,57.4,29.2,-1056.0,57.3,4.0,17.7,0.801,322,119.0,0.153,16,1,2,50,Repositioning
153.62138368012558,48.398451131202634,-77.2,154,47.7,-251.0,10.2,0.157,323,62.7,0.0147,77.18039254075806,-18.021442871009498,-46.0,77.5,-17.8,131.0,-5.57,0.166,323,37.7,0.00785,56.807596222927536,4.6554683664349445,4.0,57.5,4.0,4.0,0,0,0,0,-1046.0,57.4,47.2,-1046.0,57.3,4.000000954,19.9,0.722,317,117.0,0.136,16,1,94,50,Repositioning
155.2322442175424,3.806000694590674,10.25,155,4.0,4.0,0.766,0.0163,326,0.983,-1.53e-06,76.57896980902039,4.252208368134052,54.0,77.0,4.0,4.0,-1.21,0.0152,324,2.36,6.04e-08,56.86923104285098,-38.0903746979612,-983.0,56.2,-45.5,-871.0,0,0,0,0,-1046.0,57.4,55.5,-1046.0,57.3,4.000000954,22.1,0.92,322,116.0,0.177,16,1,94,50,Repositioning
154.9078854574859,3.7189491859329413,35.3,155,4.0,4.0,0.779,0.0214,326,1.02,2.76e-06,76.29359391617955,4.473426365010799,4.0,77.0,4.0,4.0,-1.06,0.0172,325,2.29,1.83e-06,52.15644904089879,-45.69186244127283,-8.5,51.4,-46.0,4.0,0,0,0,0,-1036.0,57.3,-35.2,-1036.0,57.3,3.999999046,21.7,0.975,322,117.0,0.188,16,1,94,50,Repositioning
155.26922362465754,3.5493237285120114,-33.5,155,4.0,4.0,0.993,0.0245,326,2.37,0.0,76.29711380305139,4.309441874856139,-8.5,77.0,4.0,4.0,0.539,0.022,324,0.472,5.04e-07,46.89920279594909,-47.08430626038698,-2.25,46.2,-46.0,4.0,0,0,0,0,-1036.0,57.3,-4.25,-1036.0,57.3,3.999999046,23.8,1.05,317,121.0,0.205,16,1,94,50,Repositioning
154.9943256747151,4.043031093748936,-33.5,155,4.0,4.0,0.96,0.0316,326,2.1,4.57e-06,76.90358710414115,4.216384575820583,-2.25,77.0,4.0,4.0,-0.738,0.0231,325,2.77,-3.53e-07,41.77053574638998,-3.801398128170217,1004.0,42.5,3.5,879.0,0,0,0,0,-1026.0,57.4,30.3,-1026.0,57.3,4.0,19.5,0.913,317,113.0,0.175,16,1,94,50,Repositioning
155.2917511924832,3.7450179656362574,41.5,155,4.0,4.0,0.665,0.0197,326,1.18,2.91e-06,76.18697126213871,3.7365484744473294,22.8,77.0,4.0,4.0,-0.58,0.0175,325,1.79,1.82e-06,42.24152347960924,-1.6405820625036474,110.0,42.0,-2.0,4.0,0,0,0,0,-1026.0,57.4,0.12,-1026.0,57.3,4.0,19.0,0.84,323,119.0,0.161,16,1,94,6,Layer 3 Up
154.56961533505856,4.018882788755915,-27.3,155,4.0,4.0,1.64,0.0229,326,2.58,5.37e-06,77.56272133992566,4.523037933017865,-8.5,77.0,4.0,4.0,-0.42,0.0214,325,1.64,7.75e-07,41.82004372765263,-1.8906009311729883,129.0,41.4,-2.0,4.0,0,0,0,0,-1016.0,57.3,-8.4,-1016.0,57.3,4.0,20.9,1.04,317,120.0,0.201,16,1,95,6,Layer 3 Up
154.99497521171602,3.5675333500035777,-27.3,155,4.0,4.0,1.09,0.0223,326,2.03,2.55e-06,76.38674389331277,4.169752020235716,-2.25,77.0,4.0,4.0,-0.899,0.0158,325,2.41,-7.44e-07,40.411775033920925,-1.9508409485586495,104.0,40.8,-2.0,4.0,0,0,0,0,-1016.0,57.4,39.2,-1016.0,57.3,4.000000954,23.7,0.849,317,115.0,0.163,16,1,95,6,Layer 3 Up
154.91239525789584,4.1370753108489415,-8.5,155,4.0,4.0,0.977,0.0207,326,0.809,1.37e-06,78.87739437422265,3.8778729506540643,4.0,77.0,4.0,4.0,-1.54,0.0238,325,2.88,1.08e-06,40.304343095228006,-2.246893600837262,-127.0,40.2,-2.0,4.0,0,0,0,0,-1006.0,57.3,-1.56,-1006.0,57.3,4.0,23.5,0.88,316,121.0,0.168,16,1,95,6,Layer 3 Up
154.49443351098103,3.8064283926179483,-14.8,155,4.0,4.0,1.49,0.0224,326,0.624,0.0,76.6983784210775,3.7634768217075125,-8.5,77.0,4.0,4.0,0.22,0.0182,325,0.765,0.0,39.64495329218194,-2.8590669960049597,-109.0,39.6,-2.0,4.0,0,0,0,0,-1006.0,57.4,27.5,-996.0,57.3,4.0,18.1,0.992,317,118.0,0.191,16,1,2,6,Layer 3 Up
154.34990710014145,4.4882540548015575,35.3,155,4.0,4.0,0.338,0.0191,326,1.14,-1.2e-06,77.04812322360438,4.106278107903348,16.5,77.0,4.0,4.0,-1.38,0.0165,325,2.17,-1.31e-06,39.9721704216061,-1.296572229252836,154.0,39.0,-2.0,4.0,0,0,0,0,-996.0,57.3,4.438,-996.0,57.3,4.0,22.9,0.971,322,117.0,0.188,16,1,95,6,Layer 3 Up
155.28513390900372,4.170106404709417,41.5,155,4.0,4.0,1.29,0.0231,326,0.47,0.0,76.13443439961824,3.4960704865796215,16.5,77.0,4.0,4.0,-1.06,0.0255,325,2.4,-1.76e-06,39.41115702842951,-2.1936944951023363,-33.5,38.4,-2.0,4.0,0,0,0,0,-991.0,57.4,33.4,-990.0,57.3,4.000000954,19.0,0.797,323,118.0,0.153,16,1,95,6,Layer 3 Up
154.8540742757649,4.313064589553344,-21.0,155,4.0,4.0,0.549,0.0227,326,1.9,5.31e-06,78.14003503836625,4.221463052050855,-2.25,77.0,4.0,4.0,-0.579,0.0251,325,2.27,6.15e-07,37.112006677889305,-2.517330861916455,-46.0,37.8,-2.0,4.0,0,0,0,0,-985.0,57.4,55.1,-985.0,57.3,4.000000954,19.4,0.908,316,121.0,0.174,16,1,95,6,Layer 3 Up
154.57493666369245,3.8279961460046326,35.3,155,4.0,4.0,0.238,0.0191,326,1.36,-1.47e-06,77.7480664480736,3.748172403594727,29.0,77.0,4.0,4.0,-0.739,0.0194,324,1.35,-1.76e-06,38.48075541646042,-2.0226477429576972,72.7,37.2,-2.0,4.0,0,0,0,0,-980.0,57.4,51.3,-980.0,57.3,4.0,17.9,0.934,322,117.0,0.176,16,1,95,6,Layer 3 Up
154.9600088737452,4.041494530631117,22.8,155,4.0,4.0,1.08,0.0286,326,0.334,-1.64e-06,77.19840345308137,4.142306185310035,16.5,77.0,4.0,4.0,-0.259,0.0203,325,0.292,1.27e-06,36.26668429947883,-2.3929738843174206,179.0,36.6,-2.0,4.0,0,0,0,0,-975.0,57.4,30.8,-974.0,57.3,4.0,17.7,0.797,323,119.0,0.152,16,1,95,6,Layer 3 Up
155.46902935284055,3.6367632810772115,-27.3,155,4.0,4.0,1.19,0.0222,326,1.31,2.8e-06,76.10004717621126,3.809894891669437,-8.5,77.0,4.0,4.0,0.858,0.0189,325,0.163,0.0,36.56430200298392,-1.8520604637140905,85.2,36.0,-2.0,4.0,0,0,0,0,-969.0,57.3,5.25,-969.0,57.3,4.0,21.5,0.945,317,123.0,0.181,16,1,95,6,Layer 3 Up
154.05167099943037,3.9284855992541847,29.0,155,4.0,4.0,0.366,0.0211,326,1.86,-1.08e-06,77.14077063609571,3.941305256750248,16.5,77.0,4.0,4.0,1.5,0.0177,325,1.92,7.89e-07,35.959484477667885,-1.3942170312803883,-89.7,35.4,-2.0,4.0,0,0,0,0,-964.0,57.4,53.8,-964.0,57.3,4.000000954,21.3,0.933,323,118.0,0.179,16,1,95,6,Layer 3 Up
154.3776988109835,3.9479955661383093,16.5,155,4.0,4.0,0.665,0.0221,326,1.02,-2.89e-06,76.25064365414059,3.785420218329139,16.5,77.0,4.0,4.0,0.38,0.0209,325,0.557,-2.11e-06,34.428588196142094,-1.611126937623695,4.0,34.8,-2.0,4.0,0,0,0,0,-959.0,57.3,-40.4,-958.0,57.3,3.999999046,22.4,0.978,322,117.0,0.189,16,1,95,6,Layer 3 Up
154.61626454401247,3.7117478029824564,-27.3,155,4.0,4.0,1.17,0.0228,326,1.43,8.12e-06,77.97716680885237,3.9489670919734414,4.0,77.0,4.0,4.0,-0.1,0.0214,325,0.723,-1.6e-07,34.53353875955603,-2.304874684254563,-8.5,34.2,-2.0,4.0,0,0,0,0,-953.0,57.3,-5.06,-953.0,57.3,3.999999046,14.7,1.04,316,129.0,0.201,16,1,95,6,Layer 3 Up
155.60755702245314,3.667893546229225,16.5,155,4.0,4.0,0.58,0.0198,326,2.49,-4.34e-06,77.54071555224346,4.623033075555785,16.5,77.0,4.0,4.0,-0.739,0.0192,325,0.78,3.19e-06,33.64908790405541,-2.1815250289075254,10.25,33.6,-2.0,4.0,0,0,0,0,-948.0,57.3,22.0,-948.0,57.3,4.0,24.5,0.951,323,118.0,0.183,16,1,2,6,Layer 3 Up
155.11749944502813,3.5097182463457814,-33.5,155,4.0,4.0,0.0391,0.0271,326,0.856,-1.3e-06,77.06377373748256,4.46340395665236,16.5,77.0,4.0,4.0,-0.259,0.0198,325,0.246,0.0,33.362448802219525,-2.4733343240830674,-165.0,33.0,-2.0,4.0,0,0,0,0,-943.0,57.4,50.4,-942.0,57.3,4.000000954,21.5,0.838,316,118.0,0.161,16,1,95,6,Layer 3 Up
155.31904990450482,3.287597953812635,-2.25,155,4.0,4.0,0.763,0.0251,326,1.14,2.88e-06,75.37197875818063,4.112200928671315,-2.25,77.0,4.0,4.0,-0.26,0.0195,325,0.885,6.04e-07,32.60921232651868,-1.8420331015838658,-83.5,32.4,-2.0,4.0,0,0,0,0,-938.0,57.3,-44.4,-937.0,57.3,3.999999046,21.1,0.935,317,117.0,0.181,16,1,95,6,Layer 3 Up
154.52592198743156,3.7146526102017936,16.5,155,4.0,4.0,0.267,0.0174,326,3.15,2.5e-06,76.34286730615771,4.016993769879843,16.5,77.0,4.0,4.0,2.78,0.019,325,3.92,4.76e-07,32.466409651939294,-1.3045908813951774,173.0,31.8,-2.0,4.0,0,0,0,0,-932.0,57.3,-7.9,-932.0,57.3,3.999999046,29.9,1.08,322,114.0,0.208,16,1,95,6,Layer 3 Up
154.53449786442948,-2.0356465708224762,-396.0,155,-2.0,4.0,-5.05,0.0796,326,15.4,0.000873,77.45957187490944,4.292209537396614,16.5,77.0,4.0,4.0,-0.739,0.0175,324,2.64,-2.87e-06,31.535698085294346,2.843882984165922,16.5,31.5,4.0,4.0,0,0,0,0,-927.0,57.5,51.1,-926.0,57.3,4.0,13.5,0.836,322,115.0,0.156,16,1,95,6,Layer 3 Up
154.18620059086703,-2.6196279716422453,-64.7,154,-2.0,4.0,-3.34,0.0842,326,13.2,0.0011,77.81046631837955,4.332662213237973,-8.5,77.0,4.0,4.0,0.0595,0.0176,324,0.566,0.0,31.42051963978773,4.213510531962069,-2.25,31.5,4.0,4.0,0,0,0,0,-921.0,57.4,35.4,-921.0,57.3,4.0,17.9,0.987,315,118.0,0.19,16,1,97,6,Layer 3 Up
154.02423042092585,-2.3719451656512476,10.25,154,-2.0,4.0,-5.89,0.0908,326,13.1,0.00109,77.74116321269076,3.762342959856656,16.5,77.0,4.0,4.0,0.699,0.021,324,0.932,-4.05e-07,32.018934105528494,3.561038368215301,4.0,31.5,4.0,4.0,0,0,0,0,-916.0,57.3,3.562,-916.0,57.3,4.0,21.2,0.987,322,119.0,0.191,16,1,97,6,Layer 3 Up
153.228165168883,-1.5038462084379818,47.8,153,-2.0,4.0,-4.86,0.0852,326,14.2,0.00107,75.93619402623355,3.975488776579982,-2.25,77.0,4.0,4.0,0.0598,0.0182,325,0.295,1.89e-06,31.77478979040869,3.3780795476312284,4.0,31.5,4.0,4.0,0,0,0,0,-911.0,57.4,36.7,-910.0,57.3,4.000000954,19.1,0.807,323,117.0,0.154,16,1,97,6,Layer 3 Up
151.921966549718,-2.1869982004125186,47.8,152,-2.0,4.0,-5.15,0.0866,326,12.8,0.00108,77.20150158631806,3.4233073572435284,4.0,77.0,4.0,4.0,0.38,0.0145,324,0.871,-1.11e-07,31.846478716978503,3.9175542667024,10.25,31.5,4.0,4.0,0,0,0,0,-905.0,57.4,52.0,-905.0,57.3,4.000000954,22.9,0.914,316,116.0,0.173,16,1,97,6,Layer 3 Up
152.1156519424881,-1.9356788710978516,-27.3,152,-2.0,4.0,-4.87,0.11,326,15.5,0.0014,77.67858186599247,4.380488239818357,16.5,77.0,4.0,4.0,-0.739,0.0224,324,1.84,1.3e-06,31.18534992757429,4.179775037661544,-2.25,31.5,4.0,4.0,0,0,0,0,-900.0,57.4,55.9,-900.0,57.3,4.0,15.7,0.96,322,119.0,0.183,16,1,97,6,Layer 3 Up
151.06574579102255,-1.7412916010738284,10.25,151,-2.0,4.0,-5.95,0.0962,326,13.8,0.0012,75.89187633600231,4.6786287589930335,16.5,77.0,4.0,4.0,0.38,0.0183,324,0.687,7.18e-07,31.005117957371624,3.2822777079072636,4.0,31.5,4.0,4.0,0,0,0,0,-895.0,57.4,28.4,-894.0,57.3,4.0,18.3,0.812,323,118.0,0.155,16,1,97,6,Layer 3 Up
151.32339506807557,-1.6853543395518213,22.8,151,-2.0,4.0,-6.18,0.112,325,14.7,0.00147,76.9947180891978,4.025348034704237,-8.5,77.0,4.0,4.0,-0.1,0.0153,324,1.01,0.0,31.231210659273298,4.30820962624579,4.0,31.5,4.0,4.0,0,0,0,0,-889.0,57.3,2.06,-889.0,57.3,4.0,25.1,0.953,316,119.0,0.182,16,1,2,6,Layer 3 Up
150.33555340830634,-0.5972455432424804,654.0,150,-2.0,4.16,-1.93,0.13,326,12.7,0.00108,77.18298542711706,3.3773843028195563,16.5,77.0,4.142,11.56,-0.421,0.0154,324,3.06,0.0,31.206070702104274,4.3339146403439575,4.0,31.5,4.0,4.0,0,0,0,0,-884.0,57.4,60.4,-884.0,57.3,4.000000954,19.0,0.928,322,120.0,0.179,16,1,97,6,Layer 3 Up
149.32645849999398,-2.167883758806356,10.25,150,-1.93,5.11,-4.91,0.0848,326,12.7,0.00106,76.79902478082349,5.017728173157628,22.8,77.1,4.895,11.48,3.84,0.0606,324,6.11,8.31e-05,31.872227832950617,4.020549248532022,4.0,31.5,4.0,4.0,0,0,0,0,-879.0,57.3,-44.9,-878.0,57.3,3.999999046,24.7,1.0,322,115.0,0.193,16,1,97,6,Layer 3 Up
148.06558750387623,-2.3554241402292235,-8.5,149,-1.77,6.08,-4.57,0.105,325,14.3,0.00131,75.9623588228337,5.1938345094565594,-21.0,77.2,5.66,11.27,4.11,0.0714,324,6.54,0.000231,31.96208186972469,3.595467065998249,-2.25,31.5,4.0,4.0,0,0,0,0,-873.0,57.2,-5.94,-873.0,57.3,3.999999046,27.5,1.07,315,117.0,0.206,16,1,97,6,Layer 3 Up
148.41652494770838,-0.7812884897521392,35.3,148,-1.52,6.94,-5.04,0.0921,326,14.2,0.00105,77.18236384083984,5.920034295860232,-8.5,77.4,6.35,10.97,4.19,0.0857,324,10.2,0.000381,31.426553211380384,3.5465812773224386,-8.5,31.5,4.0,4.0,0,0,0,0,-868.0,57.3,19.1,-868.0,57.3,4.0,23.2,0.959,322,120.0,0.185,16,1,97,6,Layer 3 Up
148.49385515872865,-1.6485634802045677,22.8,148,-1.18,7.79,-3.92,0.0729,326,13.4,0.000737,77.38128980638898,7.3983261681048775,41.5,77.7,7.02,10.54,4.67,0.109,324,10.7,0.000739,32.177471865901666,4.42378334155493,-8.5,31.5,4.0,4.0,0,0,0,0,-863.0,57.4,-5.62,-862.0,57.3,4.0,20.2,0.851,322,117.0,0.164,16,1,97,6,Layer 3 Up
146.57562575198307,-0.9878483131124394,29.0,147,-0.74,8.61,-2.32,0.0851,326,14.2,0.000786,77.90105589069556,7.800572369324458,-27.3,78.0,7.67,9.99,4.03,0.085,324,10.2,0.000636,32.14790494879654,3.338931352082118,4.0,31.5,4.0,4.0,0,0,0,0,-857.0,57.3,-13.4,-857.0,57.3,4.0,24.6,1.05,316,116.0,0.201,16,1,97,6,Layer 3 Up
146.22668190213426,-0.5057214373121122,-2.25,147,-0.27,9.3,-6.25,0.111,326,12.5,0.000962,77.9234802934587,7.99550208943628,72.7,78.4,8.22,9.39,5.98,0.112,324,12.1,0.000986,31.615237770889227,4.465641532892754,-2.25,31.5,4.0,4.0,0,0,0,0,-852.0,57.3,-11.7,-852.0,57.3,3.999999046,27.4,1.07,322,116.0,0.206,16,1,97,6,Layer 3 Up
147.04117860060853,-0.01970864523423993,29.0,146,0.3,9.94,-5.65,0.1,325,11.6,0.000743,78.50397291077027,8.474384534763262,54.0,78.8,8.72,8.68,6.14,0.109,324,12.6,0.00112,31.110873470328208,3.9277353458630566,4.0,31.5,4.0,4.0,0,0,0,0,-847.0,57.5,46.9,-846.0,57.3,4.0,14.5,0.848,321,114.0,0.159,16,1,97,6,Layer 3 Up
146.3870418017039,1.067382869970219,-27.3,146,0.95,10.5,-2.42,0.0717,326,10.2,0.000491,79.27346769134591,9.259830071876321,72.7,79.3,9.16,7.86,5.84,0.113,324,12.1,0.00126,32.24586565986654,3.9580781947830017,4.0,31.5,4.0,4.0,0,0,0,0,-841.0,57.3,22.9,-841.0,57.3,4.0,22.1,1.01,315,114.0,0.195,16,1,97,6,Layer 3 Up
146.7474383872521,2.2916986793613163,-8.5,146,1.59,10.92,-4.8,0.0878,326,9.88,0.000392,80.09565452745962,9.470394519608677,60.3,79.9,9.5,7.05,6.16,0.157,324,17.9,0.00199,31.471111196294284,3.2278147968973707,-8.5,31.5,4.0,4.0,0,0,0,0,-836.0,57.3,-0.5,-836.0,57.3,4.0,21.6,0.99,322,118.0,0.192,16,1,2,6,Layer 3 Up
146.21467612401884,2.1602281519570936,16.5,146,2.3,11.25,-5.78,0.0875,326,8.39,0.000273,80.19657766083233,9.14890035147909,4.0,80.4,9.75,6.16,7.21,0.138,324,16.3,0.00169,31.55973319937292,3.935820335961827,4.0,31.5,4.0,4.0,0,0,0,0,-831.0,57.4,37.8,-830.0,57.3,4.000000954,18.7,0.795,322,118.0,0.153,16,1,97,6,Layer 3 Up
145.84544049019775,2.592068680863288,-2.25,146,3.067,11.46,-4.15,0.0776,326,4.54,0.000184,80.72626669723718,9.594735929233831,-2.25,81.0,9.93,5.19,5.68,0.102,324,14.3,0.0012,31.339213227764425,4.26840660286285,4.0,31.5,4.0,4.0,0,0,0,0,-825.0,57.4,55.1,-825.0,57.3,4.000000954,22.9,0.926,316,116.0,0.177,16,1,97,6,Layer 3 Up
144.62863699067194,3.1678065377336306,60.3,145,3.789,11.55,-3.57,0.0717,326,8.69,0.0,81.66171229597887,10.077489054462056,-64.7,81.6,10.0,4.284,2.71,0.0552,324,12.5,0.000558,31.078726745058514,3.4154013053571766,4.0,31.5,4.0,4.0,0,0,0,0,-820.0,57.4,52.8,-820.0,57.3,4.0,17.3,0.964,321,117.0,0.185,16,1,97,6,Layer 3 Up
146.0047614380615,10.178282522602423,185.0,146,10.0,4.0,-3.77,0.131,326,0.897,0.000139,80.61641636456906,3.7686260627178854,-83.5,81.9,4.0,4.0,0.525,0.0246,324,2.23,0.0,30.804669319435057,4.218123074456924,4.0,31.5,4.0,4.0,0,0,0,0,-815.0,57.4,28.6,-814.0,57.3,4.0,18.5,0.813,322,118.0,0.156,16,1,97,6,Layer 3 Up
145.87556597172394,9.857053995357804,16.5,146,10.0,4.0,5.87,0.101,326,12.4,0.00125,82.21876172953705,3.6025912746770343,16.5,81.9,4.0,4.0,-1.08,0.0243,325,5.37,-2.11e-06,31.79963294804948,4.038937484669553,4.0,31.5,4.0,4.0,0,0,0,0,-809.0,57.3,6.0,-809.0,57.3,4.0,26.1,0.941,316,118.0,0.18,16,1,99,6,Layer 3 Up
146.57793556392136,9.838653638001324,-27.3,147,10.0,4.0,5.4,0.0861,326,13.0,0.00103,81.89962373040775,4.313062221241596,4.0,81.9,4.0,4.0,-0.313,0.0205,325,1.88,-1.24e-06,31.129096988193837,3.7183958016058924,4.0,31.5,4.0,4.0,0,0,0,0,-804.0,57.4,57.1,-804.0,57.3,4.000000954,21.5,0.95,322,117.0,0.183,16,1,99,6,Layer 3 Up
147.85187098672347,10.115038540489433,16.5,147,10.0,4.0,4.93,0.0947,326,14.0,0.00117,81.92652378507896,3.13310174736721,4.0,81.9,4.0,4.0,-0.633,0.0184,325,1.63,0.0,32.94854202315087,4.373867853326552,4.0,31.5,4.0,4.0,0,0,0,0,-799.0,57.3,-40.3,-798.0,57.3,3.999999046,25.2,0.991,322,114.0,0.192,16,1,99,6,Layer 3 Up
148.74227161618808,10.16609917543946,41.5,148,10.0,4.0,5.38,0.108,326,13.4,0.00141,82.54197647518106,3.8587149273181884,4.0,81.9,4.0,4.0,-0.346,0.0183,324,1.0,3.65e-06,30.98579599066095,3.036645679259658,4.0,31.5,4.0,4.0,0,0,0,0,-793.0,57.2,-5.31,-793.0,57.3,3.999999046,27.7,1.07,315,117.0,0.206,16,1,99,6,Layer 3 Up
148.4723681482555,4.594919658703624,-58.5,148,4.949,12.96,1.84,0.0286,326,4.62,7.08e-06,80.49510059050752,-2.846307401556053,-371.0,81.8,-1.92,5.41,2.21,0.159,324,3.77,0.000183,30.904689405709657,4.151651888155918,4.0,31.5,4.0,4.0,0,0,0,0,-788.0,57.3,17.1,-788.0,57.3,4.0,22.7,0.954,322,120.0,0.184,16,1,99,6,Layer 3 Up
148.6171111295406,5.537124667658443,-14.8,149,5.83,12.65,5.23,0.0765,326,8.84,0.000232,79.98105583370099,-1.4830978991210941,-21.0,81.2,-1.71,6.74,-6.82,0.129,324,15.4,0.0015,31.741526335864393,4.7334050682302236,16.5,31.5,4.0,4.0,0,0,0,0,-783.0,57.4,-3.69,-782.0,57.3,4.0,20.0,0.851,322,118.0,0.165,16,1,2,6,Layer 3 Up
149.35551636191943,6.226351016295158,22.8,149,6.7,12.11,6.56,0.12,326,10.2,0.000666,80.88295966545832,-0.9722208242644929,72.7,80.6,-1.36,8.06,-5.67,0.0836,324,12.8,0.00089,32.224056946979275,4.629888151197024,4.0,31.5,4.0,4.0,0,0,0,0,-777.0,57.3,-11.9,-777.0,57.3,4.0,24.8,1.04,316,116.0,0.201,16,1,100,6,Layer 3 Up
149.26595615751629,7.445617225110246,-39.8,149,7.45,11.44,4.67,0.0803,326,11.4,0.000549,80.19524441509618,-0.5433524300965512,104.0,80.1,-0.91,9.19,-5.3,0.0914,324,12.9,0.000863,31.530580120070823,4.170516896019614,4.0,31.5,4.0,4.0,0,0,0,0,-772.0,57.3,-5.69,-772.0,57.3,3.999999046,24.9,1.04,321,118.0,0.201,16,1,100,6,Layer 3 Up
149.1840101221451,8.223676457210976,41.5,149,8.15,10.57,4.87,0.0966,325,12.2,0.000862,79.81371467978592,-0.37549290233917254,-14.8,79.7,-0.33,10.25,-7.23,0.12,324,12.7,0.00104,31.770929476128476,3.868032881876555,4.0,31.5,4.0,4.0,0,0,0,0,-767.0,57.5,49.3,-766.0,57.3,4.0,13.9,0.845,321,115.0,0.158,16,1,100,6,Layer 3 Up
150.51960983422404,8.980993384808286,-33.5,150,8.78,9.51,5.55,0.0886,326,11.4,0.000912,78.9912000451532,0.2656671096083839,-21.0,79.3,0.37,11.2,-5.79,0.121,324,11.7,0.00101,30.62716827971852,3.721874783805521,4.0,31.5,4.0,4.0,0,0,0,0,-761.0,57.4,28.8,-761.0,57.3,4.0,20.8,0.989,316,115.0,0.191,16,1,100,6,Layer 3 Up
150.2641868209988,9.512118810441105,47.8,150,9.25,8.41,6.09,0.1,326,12.8,0.00113,79.44393067541225,0.8919811265565855,10.25,78.9,1.1,11.93,-4.08,0.107,324,11.9,0.000709,31.179230616833348,3.842488261798804,-8.5,31.5,4.0,4.0,0,0,0,0,-756.0,57.3,-3.19,-756.0,57.3,4.0,22.2,0.989,321,118.0,0.191,16,1,100,6,Layer 3 Up
151.30769733687097,9.282295996353826,22.8,151,9.63,7.17,3.65,0.0789,326,14.0,0.000856,79.3232026818523,1.3582575223526594,22.8,78.7,1.92,12.5,-6.74,0.114,324,9.9,0.000502,30.991694189739828,4.237882825159671,4.0,31.5,4.0,4.0,0,0,0,0,-751.0,57.4,36.3,-750.0,57.3,4.000000954,18.7,0.807,322,118.0,0.155,16,1,100,6,Layer 3 Up
151.26482513121468,9.528635292630359,66.5,152,9.88,5.8,5.33,0.102,326,12.8,0.00132,78.82340392621036,3.331565702651254,16.5,78.5,2.83,12.89,-1.35,0.0395,324,4.93,9.7e-05,30.602786229658054,3.6468795924097,4.0,31.5,4.0,4.0,0,0,0,0,-745.0,57.4,60.9,-745.0,57.3,4.000000954,22.9,0.91,316,117.0,0.175,16,1,100,6,Layer 3 Up
152.14170079915547,9.708027287401794,-58.5,152,9.99,4.493,4.46,0.0748,326,14.4,0.000935,78.32571067460603,3.169593823834738,16.5,78.5,3.692,13.06,-5.69,0.0855,324,6.25,4.11e-05,31.555384558018446,4.306327172212036,-8.5,31.5,4.0,4.0,0,0,0,0,-740.0,57.4,54.8,-740.0,57.3,4.0,17.0,0.952,321,117.0,0.182,16,1,100,6,Layer 3 Up
152.25837589643237,9.589676423670753,-52.3,153,10.0,4.0,4.99,0.0855,326,15.0,0.00109,77.09161165252324,4.18278075571182,35.3,78.5,4.0,4.0,-3.54,0.0569,324,6.55,-8.9e-06,30.438128158393898,4.933128884332751,4.0,31.5,4.0,4.0,0,0,0,0,-735.0,57.4,24.3,-734.0,57.3,4.0,19.2,0.817,322,118.0,0.157,16,1,100,6,Layer 3 Up
153.0347695781557,10.271887823183759,47.8,153,10.0,4.0,5.33,0.101,326,13.8,0.00131,79.0140146922137,4.073431496473922,-21.0,78.5,4.0,4.0,-3.06,0.0692,324,3.38,0.0,30.874003310845033,3.9729298223617144,4.0,31.5,4.0,4.0,0,0,0,0,-729.0,57.3,8.31,-729.0,57.3,4.0,25.6,0.94,316,119.0,0.181,16,1,2,6,Layer 3 Up
153.76873582137878,10.003212387905483,-52.3,154,10.0,4.0,5.57,0.0901,326,14.7,0.00111,79.31637665748592,4.137245526194049,29.0,78.5,4.0,4.0,-4.03,0.0549,325,5.76,-8.44e-06,31.245664375696066,3.3869084746305327,-2.25,31.5,4.0,4.0,0,0,0,0,-724.0,57.4,61.4,-724.0,57.3,4.000000954,20.2,0.928,321,118.0,0.178,16,1,102,6,Layer 3 Up
153.46784313738218,10.422932764168925,22.8,154,10.0,4.0,5.39,0.0851,326,12.8,0.00104,78.93070319660994,3.893454781459151,35.3,78.5,4.0,4.0,-3.71,0.0562,324,5.46,-2.47e-05,31.106425829155516,3.411755395690008,-2.25,31.5,4.0,4.0,0,0,0,0,-719.0,57.3,-46.1,-718.0,57.3,3.999999046,23.8,0.998,321,116.0,0.193,16,1,102,6,Layer 3 Up
155.6992980262766,10.246485124080197,41.5,155,10.0,4.0,5.17,0.0971,326,13.3,0.00126,77.91221028490692,4.211844925899651,-21.0,78.5,4.0,4.0,-3.54,0.0683,324,2.66,2.18e-05,31.687680507503597,4.3397005245334945,4.0,31.5,4.0,4.0,0,0,0,0,-713.0,57.2,-5.37,-713.0,57.3,3.999999046,28.7,1.09,316,116.0,0.21,16,1,102,6,Layer 3 Up
156.71891490156963,9.881299824777305,-46.0,156,10.0,4.0,6.95,0.0975,326,12.7,0.0012,78.95023909984712,3.581106985541153,47.8,78.5,4.0,4.0,-3.39,0.0552,324,6.3,-1.68e-05,31.644677637285756,3.9738646553571657,4.0,31.5,4.0,4.0,0,0,0,0,-708.0,57.3,18.4,-708.0,57.3,4.0,24.7,0.967,322,118.0,0.186,16,1,102,6,Layer 3 Up
156.5651628555415,10.282472430833078,-64.7,156,10.0,4.0,6.88,0.0786,326,11.8,0.000948,79.07501832123482,4.02916363970714,35.3,78.5,4.0,4.0,-3.54,0.0534,324,6.03,-2.49e-05,31.923171050341452,4.38356055668918,4.0,31.5,4.0,4.0,0,0,0,0,-703.0,57.4,-4.56,-702.0,57.3,4.0,19.7,0.856,321,118.0,0.165,16,1,102,6,Layer 3 Up
157.1061175378091,10.168002690253859,10.25,157,10.0,4.0,4.19,0.0971,325,15.0,0.00123,79.54162342523468,3.7715203992456092,-21.0,78.5,4.0,4.0,-3.06,0.0691,324,3.35,1.07e-05,31.856217790503408,3.791567247350941,22.8,31.5,4.0,4.0,0,0,0,0,-697.0,57.3,-8.1,-697.0,57.3,4.0,25.8,1.05,317,115.0,0.202,16,1,102,6,Layer 3 Up
157.5615888619976,10.050007598809525,16.5,157,10.0,4.0,8.9,0.091,326,8.72,0.0011,77.91457075428558,3.8606192673326265,47.8,78.5,4.0,4.0,-3.55,0.0565,324,6.26,-2.51e-05,32.040120411348035,4.363347632620654,4.0,31.5,4.0,4.0,0,0,0,0,-692.0,57.3,-6.9,-692.0,57.3,3.999999046,25.4,1.05,321,118.0,0.202,16,1,102,6,Layer 3 Up
158.00501170300524,10.36494700902903,-8.5,158,10.0,4.0,6.26,0.0957,326,13.5,0.00119,78.34867979125443,4.185708761380984,35.3,78.5,4.0,4.0,-3.57,0.0554,324,5.94,-2.54e-05,31.49909172914988,3.9307536728411785,-2.25,31.5,4.0,4.0,0,0,0,0,-687.0,57.5,50.2,-686.0,57.3,4.0,14.2,0.852,320,114.0,0.16,16,1,102,6,Layer 3 Up
159.08432294807972,9.853839358275094,-33.5,159,10.0,4.0,7.3,0.121,326,13.7,0.00152,78.99933792683595,4.266047307358803,-39.8,78.5,4.0,4.0,-3.38,0.0684,324,2.93,3.16e-05,31.64367709481182,3.704573718834137,10.25,31.5,4.0,4.0,0,0,0,0,-681.0,57.4,33.0,-681.0,57.3,4.0,22.6,1.01,317,114.0,0.193,16,1,102,6,Layer 3 Up
158.5453354650093,9.960586804983823,-14.8,159,10.0,4.0,3.83,0.0869,326,15.5,0.00108,78.53836223502213,3.9663514759984286,47.8,78.5,4.0,4.0,-3.07,0.0562,324,7.08,-8.39e-06,31.74217732626,3.824587385718989,4.0,31.5,4.0,4.0,0,0,0,0,-676.0,57.3,1.31,-676.0,57.3,4.0,22.3,0.983,321,118.0,0.19,16,1,2,6,Layer 3 Up
160.16506867187485,9.703853238064047,-58.5,160,9.97,3.108,3.84,0.0628,326,13.4,0.000742,77.75338563438692,4.797103931140083,10.25,78.5,4.608,13.03,3.09,0.0555,324,7.18,3.34e-05,31.567067685757518,3.451361021247814,-8.5,31.5,4.0,4.0,0,0,0,0,-671.0,57.4,36.3,-670.0,57.3,4.000000954,19.7,0.81,322,117.0,0.156,16,1,102,6,Layer 3 Up
160.0251084214994,10.02654408729955,-33.5,160,9.8,1.71,3.45,0.0761,326,13.0,0.000882,78.87705256188941,5.4157440908041625,-8.5,78.6,5.54,12.78,5.72,0.0991,324,6.72,0.000285,31.311947450047782,4.895224650123147,16.5,31.5,4.0,4.0,0,0,0,0,-665.0,57.4,60.8,-665.0,57.3,4.000000954,22.9,0.928,317,116.0,0.177,16,1,102,6,Layer 3 Up
160.45835827534748,9.863437016143342,-46.0,161,9.52,0.46,3.91,0.0663,326,13.9,0.000713,79.1866700221514,6.047429253500868,35.3,78.8,6.36,12.35,4.72,0.0889,324,9.57,0.000429,31.342604325554856,3.95783877800252,-2.25,31.5,4.0,4.0,0,0,0,0,-660.0,57.4,58.4,-660.0,57.3,4.0,15.7,0.957,320,119.0,0.183,16,1,102,6,Layer 3 Up
160.97871228121215,8.9551377663163,-46.0,161,9.1,-0.76,5.71,0.0918,325,13.4,0.000958,79.05877807182164,6.818352093949477,-46.0,79.1,7.16,11.72,3.91,0.0437,324,8.08,0.000257,31.11292511573769,4.281935985329267,4.0,31.5,4.0,4.0,0,0,0,0,-655.0,57.4,25.6,-654.0,57.3,4.0,19.4,0.831,321,118.0,0.159,16,1,102,6,Layer 3 Up
161.9668485101163,8.984256694124898,-21.0,162,8.54,-1.91,4.81,0.0884,326,11.8,0.000851,79.54672980494142,7.755205669907242,54.0,79.4,7.92,10.88,5.12,0.101,324,11.5,0.000813,31.69961544762277,3.7651521811132453,10.25,31.5,4.0,4.0,0,0,0,0,-649.0,57.3,10.31,-649.0,57.3,4.0,26.6,0.963,317,118.0,0.185,16,1,102,6,Layer 3 Up
162.747424517941,7.341223013320943,-46.0,162,7.93,-2.84,4.12,0.0757,326,11.2,0.000581,79.62712899751796,8.279490748182246,54.0,79.8,8.54,9.96,8.81,0.168,324,14.4,0.00166,31.455488301872688,3.5398451140276155,4.0,31.5,4.0,4.0,0,0,0,0,-644.0,57.4,59.9,-644.0,57.3,4.000000954,25.7,0.949,321,113.0,0.183,16,1,102,6,Layer 3 Up
163.37181319801658,7.313708176510517,16.5,163,7.2,-3.66,4.81,0.0885,326,10.9,0.000623,81.28780723555255,9.385624927340483,-8.5,80.3,9.08,8.86,2.04,0.051,324,11.7,0.00051,31.186018878531627,3.897691402790305,4.0,31.5,4.0,4.0,0,0,0,0,-639.0,57.3,-39.4,-638.0,57.3,3.999999046,23.6,1.0,321,116.0,0.194,16,1,102,6,Layer 3 Up
163.00475900456368,6.43822038815321,41.5,163,6.36,-4.33,5.94,0.109,326,8.46,0.000551,80.19814453512046,9.454271038657275,-39.8,80.9,9.51,7.6,5.46,0.0853,324,13.0,0.000952,31.186458683175406,4.506705221634936,16.5,31.5,4.0,4.0,0,0,0,0,-633.0,57.2,-6.4,-633.0,57.3,3.999999046,28.4,1.08,317,116.0,0.208,16,1,102,6,Layer 3 Up
163.10344556755473,5.286414009352276,-52.3,163,5.54,-4.76,5.55,0.087,326,9.2,0.000279,81.00754382340753,9.3465219491271,35.3,81.4,9.8,6.36,7.29,0.129,324,14.0,0.00166,30.92693396774492,3.772211293316597,-2.25,31.5,4.0,4.0,0,0,0,0,-628.0,57.3,16.9,-628.0,57.3,4.0,23.5,0.97,321,121.0,0.187,16,1,102,6,Layer 3 Up
163.01838347200905,5.325362122031089,-64.7,163,4.651,-5.01,3.39,0.0889,326,10.2,8.19e-05,82.00734067805918,9.29725316897008,10.25,82.0,9.96,5.01,8.19,0.13,324,14.4,0.00153,31.96343466062425,3.5941948418165306,-2.25,31.5,4.0,4.0,0,0,0,0,-623.0,57.4,-1.5,-622.0,57.3,4.0,20.0,0.86,321,117.0,0.166,16,1,102,6,Layer 3 Up
162.91562852486828,4.030553055755308,41.5,163,4.0,4.0,3.67,0.0589,326,1.77,4.51e-05,82.9873297165399,5.554422620498206,404.0,82.5,10.0,129.0,12.8,0.206,324,13.7,0.00161,31.537221714555375,4.068006216914983,-2.25,31.5,4.0,4.0,0,0,0,0,-617.0,57.3,-15.1,-617.0,57.3,4.0,24.5,1.06,319,116.0,0.204,16,1,102,6,Layer 3 Up
162.54992762347868,3.7552114788284796,-58.5,163,4.0,4.0,2.92,0.0395,326,5.63,-2.23e-05,81.99943372255035,9.691942664988282,-89.7,83.1,10.0,4.0,5.21,0.0925,324,14.9,0.00111,31.091505367200625,4.2182922469896615,4.0,31.5,4.0,4.0,0,0,0,0,-612.0,57.2,-13.8,-612.0,57.3,3.999999046,26.6,1.07,321,118.0,0.207,16,1,104,6,Layer 3 Up
162.9371927482083,3.932627491941432,-33.5,163,4.0,4.0,2.11,0.0337,326,6.67,0.0,82.7244408758944,10.315603131361204,-33.5,83.7,10.0,4.0,5.53,0.102,324,14.4,0.0013,31.882808772115922,4.693646846307177,-14.8,31.5,4.0,4.0,0,0,0,0,-607.0,57.5,50.9,-606.0,57.3,4.0,14.6,0.854,320,114.0,0.16,16,1,104,6,Layer 3 Up
162.68977293225797,3.4865869769261124,47.8,163,4.0,4.0,1.93,0.0485,326,2.08,1.46e-05,82.83836051816766,10.627183216543079,10.25,84.3,10.0,4.0,5.04,0.0971,324,13.3,0.00129,31.23465423555156,4.154744467858836,4.0,31.5,4.0,4.0,0,0,0,0,-601.0,57.4,34.0,-601.0,57.3,4.0,22.4,1.02,318,114.0,0.195,16,1,2,6,Layer 3 Up
162.48011978324044,3.72675598360026,-39.8,163,4.0,4.0,2.6,0.0342,326,5.89,-9.2e-06,84.821847419518,9.667713526727777,47.8,84.9,10.0,4.0,8.43,0.155,324,15.9,0.002,30.834089077272374,4.256707899881248,-2.25,31.5,4.0,4.0,0,0,0,0,-596.0,57.3,1.75,-596.0,57.3,4.0,18.7,0.987,320,123.0,0.191,16,1,104,6,Layer 3 Up
163.21256562802387,4.238869200215438,-33.5,163,4.0,4.0,1.47,0.0357,326,6.88,-4.7e-06,84.65273197695802,9.333215251326738,-8.5,85.5,10.0,4.0,9.63,0.151,324,15.7,0.00186,31.98350001689549,4.289639472131177,-2.25,31.5,4.0,4.0,0,0,0,0,-591.0,57.4,38.8,-590.0,57.3,4.000000954,19.4,0.811,321,117.0,0.156,16,1,104,6,Layer 3 Up
163.16268753757282,3.865220142280095,35.3,163,4.0,4.0,2.25,0.0496,326,1.78,7.29e-06,85.74303808846182,10.42999701989031,35.3,86.1,10.0,4.0,7.87,0.146,325,16.2,0.00191,31.245710207981947,3.495625412208375,4.0,31.5,4.0,4.0,0,0,0,0,-585.0,57.4,62.8,-585.0,57.3,4.000000954,22.6,0.922,319,117.0,0.177,16,1,104,6,Layer 3 Up
162.25708842337835,3.706482127662478,-33.5,163,4.0,4.0,1.15,0.0326,326,7.46,-1.87e-05,87.04194241399728,9.83128042380568,10.25,86.7,10.0,4.0,6.48,0.113,324,15.2,0.00138,31.30640579518131,3.5786004041549564,-2.25,31.5,4.0,4.0,0,0,0,0,-580.0,57.4,62.3,-580.0,57.3,4.0,16.6,0.951,320,118.0,0.182,16,1,104,6,Layer 3 Up
162.94898782431437,4.334729704890757,-33.5,163,4.0,4.0,1.76,0.0349,326,6.76,-9.35e-06,86.77131193160214,9.567300469174212,-46.0,87.3,10.0,4.0,5.73,0.0976,324,14.7,0.00121,31.51949677435048,3.525860840327745,4.0,31.5,4.0,4.0,0,0,0,0,-575.0,57.4,29.5,-574.0,57.3,4.0,18.9,0.822,321,118.0,0.158,16,1,104,6,Layer 3 Up
163.4140118523803,4.518757606402588,66.5,163,4.0,4.0,0.192,0.049,326,3.91,7.08e-06,87.95454597234618,9.504385875003605,-21.0,87.9,10.0,4.0,5.42,0.0918,325,13.5,0.00117,32.04096146779762,3.4172666931128637,4.0,31.5,4.0,4.0,0,0,0,0,-569.0,57.3,9.25,-569.0,57.3,4.0,26.0,0.969,319,118.0,0.186,16,1,104,6,Layer 3 Up
163.44042439674752,4.051888276364952,-58.5,163,4.0,4.0,2.25,0.0349,326,6.13,-2.51e-05,88.1999781069673,10.058433462771,35.3,88.5,10.0,4.0,3.11,0.0596,324,12.2,0.000725,31.509486700960874,4.322965649703692,-8.5,31.5,4.0,4.0,0,0,0,0,-564.0,57.4,63.6,-564.0,57.3,4.000000954,20.2,0.938,320,120.0,0.182,16,1,104,6,Layer 3 Up
163.42654215167033,3.7662896298224253,-58.5,163,4.0,4.0,2.6,0.0395,326,5.78,-1.08e-05,89.44911644719413,9.823155846405601,85.2,89.1,10.0,4.0,3.84,0.0855,324,13.5,0.00109,30.932275267714527,4.1018793961591555,-2.25,31.5,4.0,4.0,0,0,0,0,-559.0,57.3,-40.9,-558.0,57.3,3.999999046,24.2,1.01,321,116.0,0.195,16,1,104,6,Layer 3 Up
163.01618008079478,4.004645033557871,47.8,163,3.9017,-5.07,2.14,0.0438,326,1.03,1.28e-05,89.9174874047117,9.499620736113318,523.0,89.6,10.0,3.879,27.9,0.345,324,22.0,0.00423,31.757499805334625,4.034774726062717,4.0,31.5,4.0,4.0,0,0,0,0,-553.0,57.2,-5.12,-553.0,57.3,3.999999046,28.1,1.09,319,116.0,0.21,16,1,104,6,Layer 3 Up
162.64863081790168,2.6837462232292504,-96.0,163,3.0,-4.95,-3.54,0.073,326,3.94,0.000171,89.73763995745983,9.88413998616008,-71.0,90.2,9.92,2.51,3.87,0.0724,324,12.9,0.000917,31.27038051132434,2.865843123857852,4.0,31.5,4.0,4.0,0,0,0,0,-548.0,57.4,33.7,-547.0,57.3,4.0,17.6,0.937,318,115.0,0.18,16,1,2,6,Layer 3 Up
162.54939888073838,1.7877424390591996,-64.7,163,2.12,-4.62,-4.05,0.0865,326,7.77,0.000354,90.68730447395782,10.396129423490434,104.0,90.8,9.7,1.18,5.49,0.124,324,15.2,0.0016,32.39384190079701,4.924146975423061,16.5,31.5,4.0,4.0,0,0,0,0,-542.0,57.4,8.31,-542.0,57.3,4.0,17.2,0.748,320,119.0,0.143,16,1,104,6,Layer 3 Up
163.14328644810118,0.9431575555867135,-39.8,163,1.28,-4.1,-4.55,0.0922,326,9.07,0.000533,91.99744434248406,9.153191521760842,16.5,91.4,9.35,-0.08,6.81,0.108,324,12.5,0.00123,31.499469865071873,3.6338100119596723,16.5,31.5,4.0,4.0,0,0,0,0,-537.0,57.3,-10.6,-537.0,57.3,4.0,24.4,1.07,320,116.0,0.205,16,1,104,6,Layer 3 Up
163.15770433969664,0.3984198286015841,-33.5,163,0.51,-3.39,-7.2,0.114,326,10.3,0.000832,92.06286007961535,8.96975512119542,85.2,91.9,8.88,-1.26,2.58,0.0688,324,10.7,0.000729,30.441817357098298,4.922544151811478,10.25,31.5,4.0,4.0,0,0,0,0,-532.0,57.4,38.1,-531.0,57.3,4.000000954,21.7,0.871,319,118.0,0.166,16,1,104,6,Layer 3 Up
162.53527126273977,-0.4039939733062534,4.0,162,-0.19,-2.52,-4.74,0.0823,326,11.3,0.000672,91.36652987125834,8.085065518290593,4.0,92.3,8.3,-2.31,9.49,0.158,324,13.6,0.00143,31.66919525934676,3.3660443859917724,4.0,31.5,4.0,4.0,0,0,0,0,-526.0,57.2,-66.7,-526.0,57.3,3.999999046,23.5,0.93,320,119.0,0.177,16,1,104,6,Layer 3 Up
162.45737067264113,-1.109405903953569,-14.8,162,-0.79,-1.49,-4.93,0.0962,326,12.5,0.000948,93.13809341318277,6.669389479192515,-58.5,92.7,7.62,-3.22,6.04,0.0814,324,10.0,0.000596,32.42067425019844,3.6446235619323826,4.0,31.5,4.0,4.0,0,0,0,0,-521.0,57.4,36.1,-521.0,57.3,4.0,20.0,1.01,319,116.0,0.194,16,1,104,6,Layer 3 Up
160.9450194287128,-1.0855409913078582,35.3,161,-1.28,-0.34,-4.18,0.0812,326,13.4,0.000856,92.27524759048217,6.74177390430044,22.8,93.0,6.86,-3.97,6.68,0.123,325,12.0,0.000674,32.24612304704029,3.0613864466335037,10.25,31.5,4.0,4.0,0,0,0,0,-516.0,57.3,10.38,-515.0,57.3,4.0,22.2,0.9,320,119.0,0.172,16,1,104,6,Layer 3 Up
160.48266017508445,-1.481077417586078,-8.5,161,-1.65,0.91,-5.93,0.109,326,14.0,0.00128,94.2438615386508,6.226153273810398,-2.25,93.3,6.03,-4.53,2.86,0.0711,324,8.38,0.000309,32.36686947483841,4.183407804728509,16.5,31.5,4.0,4.0,0,0,0,0,-510.0,57.4,-9.6,-510.0,57.3,4.0,19.3,0.827,320,118.0,0.16,16,1,104,6,Layer 3 Up
159.86731572818306,-1.5703186819830797,-14.8,160,-1.89,2.23,-4.15,0.0844,326,12.9,0.00102,94.08431756651254,5.5110504820485,16.5,93.4,5.15,-4.9,3.58,0.0682,324,5.58,0.000217,31.01719221949386,3.5182666564964915,4.0,31.5,4.0,4.0,0,0,0,0,-505.0,57.4,54.0,-505.0,57.3,4.000000954,23.1,0.937,320,117.0,0.18,16,1,104,6,Layer 3 Up
159.09032455978456,-2.3263532565186607,-64.7,159,-1.99,3.589,-4.48,0.106,325,13.9,0.00136,93.69370564220013,3.7529401133849407,10.25,93.5,4.254,-5.06,6.24,0.119,324,6.23,7.65e-05,31.93186062772216,3.5306272414886752,10.25,31.5,4.0,4.0,0,0,0,0,-500.0,57.3,-32.1,-499.0,57.3,3.999999046,24.1,1.07,319,115.0,0.206,16,1,104,6,Layer 3 Up
158.91597394565935,-1.9830076653046973,-14.8,159,-2.0,4.0,-4.73,0.0838,325,13.1,0.00104,93.60506524625377,4.492758037095662,66.5,93.5,4.0,4.0,4.56,0.0895,324,4.11,0.0,31.158170042069806,3.3996079294578485,4.0,31.5,4.0,4.0,0,0,0,0,-494.0,57.4,0.0,-494.0,57.3,4.0,15.9,0.88,320,116.0,0.17,16,1,2,6,Layer 3 Up
157.75971208481482,-2.0881271759900377,-77.2,158,-2.0,4.0,-4.6,0.0947,326,13.1,0.00118,93.36032164162053,4.384738982154647,72.7,93.5,4.0,4.0,4.3,0.0895,325,4.28,1.41e-05,31.60619032658451,4.365045887921252,16.5,31.5,4.0,4.0,0,0,0,0,-489.0,57.3,3.812,-489.0,57.3,4.0,24.7,0.971,320,120.0,0.186,16,1,106,6,Layer 3 Up
158.10514930697812,-1.9745757450323438,-14.8,158,-2.0,4.0,-5.44,0.102,326,14.0,0.00124,93.95339945831265,4.521301243287439,72.7,93.5,4.0,4.0,4.29,0.0859,324,4.22,1.37e-05,30.897317775669162,4.336222375356891,16.5,31.5,4.0,4.0,0,0,0,0,-484.0,57.3,-16.5,-483.0,57.3,4.0,22.5,0.97,320,118.0,0.186,16,1,106,6,Layer 3 Up
156.79045476786774,-1.731319865793409,22.8,157,-2.0,4.0,-5.6,0.0857,326,13.5,0.00105,93.25224069711705,4.1333124441800235,72.7,93.5,4.0,4.0,3.17,0.0878,325,5.45,4.18e-05,31.19488095148467,4.792655381010968,4.0,31.5,4.0,4.0,0,0,0,0,-478.0,57.4,45.8,-478.0,57.3,4.000000954,15.7,0.707,321,120.0,0.133,16,1,106,6,Layer 3 Up
156.73885061683893,-1.9522429496885252,-8.5,157,-2.0,4.0,-4.23,0.0758,326,11.6,0.000941,93.65741117394975,4.470922200768429,79.0,93.5,4.0,4.0,4.3,0.0843,324,4.13,5.38e-05,31.17982946215281,3.700044769767107,10.25,31.5,4.0,4.0,0,0,0,0,-473.0,57.2,-9.1,-473.0,57.3,3.999999046,28.1,1.1,320,116.0,0.212,16,1,106,6,Layer 3 Up
156.1295018433087,-2.183808852212628,-109.0,156,-2.0,4.0,-3.48,0.0844,326,13.5,0.00108,94.0826390780287,3.6843166506998926,79.0,93.5,4.0,4.0,4.01,0.0834,324,4.43,3.97e-05,31.9254230422866,4.095720258204675,4.0,31.5,4.0,4.0,0,0,0,0,-468.0,57.4,37.6,-467.0,57.3,4.0,16.2,0.936,320,116.0,0.179,16,1,106,6,Layer 3 Up
154.83285180165538,-2.075105202631378,-46.0,155,-2.0,4.0,-5.94,0.0984,326,13.7,0.00126,93.12459279147711,4.325696329430314,60.3,93.5,4.0,4.0,4.58,0.0854,325,4.11,0.0,31.879102290405207,3.435993726618957,4.0,31.5,4.0,4.0,0,0,0,0,-462.0,57.4,4.438,-462.0,57.3,4.0,17.2,0.75,321,119.0,0.144,16,1,106,6,Layer 3 Up
155.10149841276333,-1.9550399085884822,16.5,155,-2.0,4.0,-5.22,0.0908,326,13.9,0.00111,93.08825115318109,3.880908843543452,66.5,93.5,4.0,4.0,4.0,0.0836,325,4.62,1.34e-05,31.631060930829072,3.8534406638157854,4.0,31.5,4.0,4.0,0,0,0,0,-457.0,57.3,-12.1,-457.0,57.3,4.0,23.1,1.05,321,118.0,0.203,16,1,106,6,Layer 3 Up
154.11359801761904,-2.40183677140374,35.3,154,-2.0,4.0,-4.98,0.0673,326,11.7,0.000812,92.70190781641467,3.627292469422512,79.0,93.5,4.0,4.0,4.59,0.084,325,4.13,1.32e-05,30.860639906376242,3.7730365135500845,4.0,31.5,4.0,4.0,0,0,0,0,-452.0,57.4,42.2,-451.0,57.3,4.000000954,22.0,0.858,321,117.0,0.164,16,1,106,6,Layer 3 Up
153.52622631837417,-2.4367731493665867,-64.7,154,-2.0,4.0,-4.82,0.0811,326,12.0,0.00101,92.78870400892062,3.819183079650778,91.5,93.5,4.0,4.0,3.74,0.0831,325,4.84,2.65e-05,31.35245360077755,4.2281688037577965,16.5,31.5,4.0,4.0,0,0,0,0,-446.0,57.3,-52.2,-446.0,57.3,3.999999046,21.9,0.914,321,119.0,0.175,16,1,106,6,Layer 3 Up
152.79990031955913,-2.212741570258594,-39.8,153,-2.0,4.0,-3.51,0.0966,326,15.3,0.0012,92.27823996915885,4.126750735500847,72.7,93.5,4.0,4.0,4.29,0.0859,325,4.28,4.04e-05,31.14674945316298,4.4698856124776665,16.5,31.5,4.0,4.0,0,0,0,0,-441.0,57.4,30.0,-441.0,57.3,4.0,20.2,1.01,321,116.0,0.195,16,1,2,6,Layer 3 Up
152.59782651971153,-2.2802152416168178,-8.5,152,-2.0,4.0,-5.03,0.0994,326,14.5,0.00122,93.98768208832989,3.889089908267673,85.2,93.5,4.0,4.0,3.73,0.0831,324,4.76,3.98e-05,31.911749966186996,4.458531817090151,10.25,31.5,4.0,4.0,0,0,0,0,-436.0,57.3,13.69,-435.0,57.3,4.0,20.9,0.876,321,120.0,0.168,16,1,106,6,Layer 3 Up
151.516808253465,-1.9007533375760262,22.8,152,-2.0,4.0,-3.85,0.0815,326,14.4,0.00096,94.7087427007137,4.244036120227534,72.7,93.5,4.0,4.0,4.85,0.0886,324,2.85,1.38e-05,32.05781429984132,3.6563205365283515,16.5,31.5,4.0,4.0,0,0,0,0,-430.0,57.4,-8.1,-430.0,57.3,4.0,18.8,0.821,322,118.0,0.158,16,1,106,6,Layer 3 Up
150.1198967464776,-1.8684388895777342,-39.8,151,-2.0,4.0,-3.96,0.0784,326,13.5,0.00098,94.45242528956179,3.5776502735334517,79.0,93.5,4.0,4.0,3.74,0.0832,324,4.91,3.95e-05,32.000148159794506,4.461769401092707,10.25,31.5,4.0,4.0,0,0,0,0,-425.0,57.4,52.4,-425.0,57.3,4.000000954,24.9,0.933,321,115.0,0.179,16,1,106,6,Layer 3 Up
150.22584625103988,-2.3367825523005976,-46.0,151,-2.0,4.0,-5.06,0.104,326,14.3,0.00135,92.41342696924312,3.4767235856886622,79.0,93.5,4.0,4.0,4.58,0.0848,325,3.55,0.0,31.142439647173056,3.9807154152451876,4.0,31.5,4.0,4.0,0,0,0,0,-420.0,57.3,-31.8,-419.0,57.3,3.999999046,23.3,1.07,321,116.0,0.206,16,1,106,6,Layer 3 Up
150.01210389286945,-1.8667268384160056,-8.5,150,-2.0,4.0,-6.38,0.109,326,13.9,0.00136,93.98435831153913,4.584392909473921,79.0,93.5,4.0,4.0,3.45,0.0835,324,5.0,2.66e-05,30.202961808711073,3.858008463606027,4.0,31.5,4.0,4.0,0,0,0,0,-414.0,57.4,-0.81,-414.0,57.3,4.0,16.4,0.877,321,116.0,0.169,16,1,106,6,Layer 3 Up
149.01285537986604,-2.333814803194297,22.8,149,-2.0,4.0,-5.49,0.0881,326,13.2,0.00109,94.45027190622808,4.436074003612979,79.0,93.5,4.0,4.0,4.29,0.083,325,3.94,2.62e-05,30.663427868135525,3.7400690184107157,16.5,31.5,4.0,4.0,0,0,0,0,-409.0,57.3,6.38,-409.0,57.3,4.0,24.9,0.955,322,120.0,0.183,16,1,106,6,Layer 3 Up
148.9510974989047,-2.2195840551486468,-46.0,149,-2.0,4.0,-5.11,0.0968,326,13.9,0.00123,93.1947530040887,3.817872865843588,79.0,93.5,4.0,4.0,1.76,0.0809,325,7.37,0.0,32.17307252806577,3.75506190993089,4.0,31.5,4.0,4.0,0,0,0,0,-404.0,57.3,-15.9,-403.0,57.3,4.0,23.0,0.963,321,118.0,0.185,16,1,106,6,Layer 3 Up
148.50485917498415,-2.2728141243430366,-46.0,148,-2.0,4.0,-5.79,0.114,326,14.0,0.00147,93.56778863149788,4.174050542272441,91.5,93.5,4.0,4.0,3.17,0.0837,325,5.1,1.33e-05,31.310024935816003,4.762157072445901,4.0,31.5,4.0,4.0,0,0,0,0,-398.0,57.4,43.9,-398.0,57.3,4.000000954,17.2,0.7,322,119.0,0.133,16,1,106,6,Layer 3 Up
146.88863754693418,-2.003167161599253,-77.2,148,-1.92,6.16,-4.4,0.0893,326,12.3,0.0011,92.15829699938205,5.247697969313908,41.5,93.5,4.972,17.6,8.4,0.15,325,8.65,0.000339,31.14456772100755,4.159473642817534,16.5,31.5,4.0,4.0,0,0,0,0,-393.0,57.2,-17.5,-393.0,57.3,3.999999046,28.8,1.11,322,116.0,0.214,16,1,106,6,Layer 3 Up
147.16462899328502,-1.7294233381339115,4.0,147,-1.55,9.19,-5.71,0.0966,326,12.9,0.00106,93.87823694185514,6.432686854570502,41.5,93.7,6.29,16.7,3.37,0.0639,325,5.6,0.0003,32.27772125424061,4.076382136775432,4.0,31.5,4.0,4.0,0,0,0,0,-388.0,57.4,36.6,-387.0,57.3,4.0,16.5,0.929,322,116.0,0.178,16,1,2,6,Layer 3 Up
147.64924477505048,-0.5027810670045338,10.25,147,-0.88,11.94,-4.96,0.106,326,15.0,0.0011,93.28931409979873,7.496916097014947,54.0,94.0,7.49,15.2,5.96,0.107,324,10.5,0.00076,32.098992855401576,3.8852828390263836,4.0,31.5,4.0,4.0,0,0,0,0,-382.0,57.4,6.81,-382.0,57.3,4.0,17.2,0.744,322,119.0,0.142,16,1,106,6,Layer 3 Up
145.53106964581588,-0.29219108820825795,-52.3,146,0.04,14.3,-2.0,0.0731,326,12.7,0.000624,94.53339898878228,8.566642031155357,4.0,94.4,8.51,13.12,4.94,0.0824,324,11.5,0.000726,31.511575303032533,5.06996790608581,4.0,31.5,4.0,4.0,0,0,0,0,-377.0,57.3,-15.1,-377.0,57.3,4.0,24.9,1.06,322,116.0,0.204,16,1,106,6,Layer 3 Up
145.84207675140462,0.8591508585096634,-39.8,146,1.17,16.1,-2.78,0.0804,326,10.9,0.000465,93.8567817646289,9.218712310973883,-21.0,94.9,9.29,10.55,3.9,0.0904,325,13.9,0.00101,31.361087638818486,4.5708632666048175,4.0,31.5,4.0,4.0,0,0,0,0,-372.0,57.4,41.8,-371.0,57.3,4.000000954,20.6,0.849,322,119.0,0.163,16,1,106,6,Layer 3 Up
145.6869481335388,1.8317874577824012,-64.7,146,2.44,17.3,-3.78,0.0759,326,7.39,0.000253,95.7627456693472,9.759868712501556,60.3,95.5,9.79,7.63,11.7,0.158,324,11.6,0.00186,31.437456380161954,3.7095788767239117,16.5,31.5,4.0,4.0,0,0,0,0,-366.0,57.2,-57.8,-366.0,57.3,3.999999046,21.6,0.908,322,119.0,0.174,16,1,106,6,Layer 3 Up
144.62813161812474,3.549389759013983,-83.5,145,3.799,17.7,-4.48,0.0681,326,3.01,3.22e-05,96.68459409739988,9.814350486076245,29.0,96.1,10.0,4.524,7.05,0.126,324,15.3,0.00154,31.6075507438663,3.8803099398388676,4.0,31.5,4.0,4.0,0,0,0,0,-361.0,57.4,27.1,-361.0,57.3,4.0,19.9,1.0,322,116.0,0.192,16,1,106,6,Layer 3 Up
144.86434051516477,4.0880090638148925,-83.5,145,4.0,4.0,-1.95,0.0476,326,2.28,7.14e-06,95.97666795795439,9.983664394955767,91.5,96.5,10.0,4.0,4.68,0.096,325,14.4,0.00121,32.25754602667668,3.906280952585226,4.0,31.5,4.0,4.0,0,0,0,0,-356.0,57.3,10.44,-355.0,57.3,4.0,22.2,0.883,322,119.0,0.169,16,1,106,6,Layer 3 Up
145.5935472571525,3.9052999219226407,-77.2,145,4.0,4.0,-1.45,0.0527,326,3.0,6.8e-06,96.34029198749536,9.806617385133158,4.0,97.1,10.0,4.0,5.99,0.0917,325,12.1,0.00114,31.70001816344283,4.088810179872287,16.5,31.5,4.0,4.0,0,0,0,0,-350.0,57.4,-5.06,-350.0,57.3,4.0,17.2,0.81,322,119.0,0.156,16,1,107,6,Layer 3 Up
145.76398393316478,4.4077534813387595,-115.0,145,4.0,4.0,-0.649,0.043,326,4.09,5.98e-06,96.25931440948438,9.973064511559237,-89.7,97.7,10.0,4.0,4.76,0.0841,324,14.1,0.00103,31.8437400979658,3.6932559820759456,4.0,31.5,4.0,4.0,0,0,0,0,-345.0,57.4,53.6,-345.0,57.3,4.000000954,23.6,0.933,322,116.0,0.178,16,1,107,6,Layer 3 Up
144.86031673470018,4.270061806586405,-71.0,145,4.0,4.0,-1.15,0.0485,326,3.7,6.85e-06,98.02197864675578,10.140890781944673,-83.5,98.2,10.0,4.0,5.14,0.0729,324,12.7,0.000819,32.05359359412641,4.191955724576484,-2.25,31.5,4.0,4.0,0,0,0,0,-340.0,57.3,-38.1,-339.0,57.3,3.999999046,24.0,1.07,321,117.0,0.205,16,1,107,6,Layer 3 Up
145.79212253722835,3.7096504391619134,-102.0,145,4.0,4.0,-1.95,0.0423,326,2.16,-5.89e-06,98.4113705725242,9.488147985996635,35.3,98.8,10.0,4.0,5.83,0.104,324,14.5,0.00127,30.946214235404135,4.6352008520535355,4.0,31.5,4.0,4.0,0,0,0,0,-334.0,57.4,-4.69,-334.0,57.3,4.0,16.4,0.869,322,116.0,0.167,16,1,108,6,Layer 3 Up
145.01479267112222,3.731565707960149,-83.5,145,4.0,4.0,-1.49,0.0434,326,3.03,0.0,98.36358653229559,10.073787268405948,-27.3,99.4,10.0,4.0,4.33,0.0831,325,14.4,0.00101,31.85739108088214,3.425367045077999,4.0,31.5,4.0,4.0,0,0,0,0,-329.0,57.3,-0.13,-329.0,57.3,4.0,24.9,0.956,322,120.0,0.182,16,1,2,6,Layer 3 Up
145.72918334828972,3.8879936942332396,-109.0,145,4.0,4.0,-1.24,0.0386,326,3.99,1.12e-05,100.30271364524951,9.7209511114596,-27.3,100.0,10.0,4.0,3.56,0.0634,324,12.6,0.000756,31.360535752735405,3.5065039422669866,4.0,31.5,4.0,4.0,0,0,0,0,-324.0,57.3,-17.4,-323.0,57.3,4.0,22.2,0.95,322,119.0,0.183,16,1,108,6,Layer 3 Up
144.96120649492448,3.553795677619464,-89.7,145,4.0,4.0,-1.65,0.0505,326,2.5,-5.93e-06,100.29932332237762,10.280923980675675,79.0,100.6,10.0,4.0,1.47,0.0721,325,13.2,0.000853,30.308749003513228,3.8136473146979104,16.5,31.5,4.0,4.0,0,0,0,0,-318.0,57.4,46.8,-318.0,57.3,4.000000954,17.0,0.696,323,119.0,0.132,16,1,108,6,Layer 3 Up
145.05449374089326,4.092647553799798,-109.0,145,4.0,4.0,-1.95,0.0446,326,2.13,0.0,100.48117776840328,9.936536783662886,35.3,101.2,10.0,4.0,6.1,0.106,324,13.4,0.00132,30.49241328712733,3.833928324781472,16.5,31.5,4.0,4.0,0,0,0,0,-313.0,57.2,-12.9,-313.0,57.3,3.999999046,27.5,1.08,322,116.0,0.208,16,1,108,6,Layer 3 Up
145.1519639980011,3.806235768264546,-134.0,145,4.0,4.0,-0.00597,0.046,326,4.65,0.0,101.42942674640489,9.96334821809501,-14.8,101.8,10.0,4.0,5.86,0.114,324,15.0,0.00141,31.01796989982731,4.874208113426108,4.0,31.5,4.0,4.0,0,0,0,0,-308.0,57.4,34.8,-307.0,57.3,4.0,17.0,0.923,322,116.0,0.176,16,1,108,6,Layer 3 Up
146.32176485729343,3.800345879713996,-134.0,145,4.0,4.0,-2.2,0.0422,326,1.52,0.0,103.11586109323974,9.379253749220533,-2.25,102.4,10.0,4.0,5.45,0.111,325,14.5,0.00138,31.75150884651782,4.4381872808021,4.0,31.5,4.0,4.0,0,0,0,0,-302.0,57.4,4.313,-302.0,57.3,4.0,17.2,0.736,323,119.0,0.141,16,1,108,6,Layer 3 Up
145.3539638718365,4.026822304585469,-83.5,145,4.0,4.0,-2.59,0.0477,326,1.9,1.43e-05,103.50289113321827,10.561993915827118,54.0,103.1,10.0,4.0,3.76,0.0759,324,12.2,0.000963,31.55387866319174,4.413083992247985,4.0,31.5,4.0,4.0,0,0,0,0,-296.0,57.4,28.6,-296.0,57.3,3.999999046,18.2,0.883,322,121.0,0.17,16,1,108,6,Layer 3 Up
144.70591996524797,4.331155675096068,-77.2,145,4.0,4.0,-1.26,0.0452,326,3.52,-1.11e-05,103.51311471654272,10.065716628214009,54.0,103.6,10.0,4.0,6.46,0.126,324,15.2,0.00167,31.587288837088114,3.88435597670122,4.0,31.5,4.0,4.0,0,0,0,0,-292.0,57.4,39.3,-291.0,57.3,4.000000954,20.6,0.854,322,119.0,0.162,16,1,108,6,Layer 3 Up
145.40290855160646,3.8002255170594905,-109.0,145,4.0,4.0,-2.2,0.0409,326,2.56,2.25e-05,104.41369487316022,10.51614708345847,85.2,104.0,10.0,4.0,7.32,0.157,324,15.9,0.00205,32.42367863177216,3.8997551777797943,16.5,31.5,4.0,4.0,0,0,0,0,-286.0,57.2,-63.9,-286.0,57.3,3.999999046,22.4,0.911,322,119.0,0.174,16,1,108,6,Layer 3 Up
144.849550315937,3.79178950964118,-77.2,145,4.0,4.0,-1.2,0.0506,326,4.13,6.47e-06,104.22426194228167,9.72864955215903,35.3,105.0,9.94,-9.9,9.19,0.162,324,16.6,0.00207,30.899146633691476,3.389966564075227,10.25,31.5,4.0,4.0,0,0,0,0,-281.0,57.4,24.1,-281.0,57.3,4.0,20.7,1.0,322,116.0,0.193,16,1,108,6,Layer 3 Up
144.79636225951091,4.268251540297284,-83.5,145,4.0,4.0,-2.54,0.0447,326,2.2,6.2e-06,105.0216301666358,10.264539856028792,47.8,105.0,10.0,4.0,2.54,0.0574,325,12.1,0.000692,31.487011616029775,4.341964132881609,4.0,31.5,4.0,4.0,0,0,0,0,-276.0,57.3,3.375,-275.0,57.3,4.0,22.5,0.889,322,119.0,0.171,16,1,2,6,Layer 3 Up
145.3777957301367,4.084259716367229,-83.5,145,4.0,4.0,-6.37,0.049,326,3.31,0.0,106.09844289903414,10.755758305106227,66.5,106.0,10.0,4.0,4.74,0.0889,325,12.9,0.00115,31.64413569110073,4.214806730044198,4.0,31.5,4.0,4.0,0,0,0,0,-270.0,57.4,-10.1,-270.0,57.3,4.0,18.5,0.823,323,118.0,0.158,16,1,109,6,Layer 3 Up
145.01292536292277,3.705698311034666,-89.7,145,4.0,4.0,-3.39,0.0409,326,0.877,-5.89e-06,105.68604849097915,9.84221593230242,41.5,107.0,10.0,4.0,6.29,0.109,324,14.1,0.00139,31.151409817388355,4.5625461731685935,4.0,31.5,4.0,4.0,0,0,0,0,-265.0,57.4,45.4,-265.0,57.3,4.000000954,21.2,0.927,323,119.0,0.177,16,1,109,6,Layer 3 Up
145.11583164594205,4.77652374325968,104.0,145,4.645,17.7,1.37,0.0502,326,4.35,6e-05,107.29097951993211,10.342125133483577,148.0,107.0,9.97,2.59,7.92,0.133,325,15.0,0.00171,31.51341136192461,3.9077747344619063,4.0,31.5,4.0,4.0,0,0,0,0,-260.0,57.3,-34.1,-259.0,57.3,3.999999046,24.3,1.06,322,116.0,0.205,16,1,109,6,Layer 3 Up
146.00581504424156,5.977401581179043,85.2,146,5.98,17.0,4.86,0.0933,326,7.65,0.000324,107.47850314663948,9.512358688149627,16.5,108.0,9.66,-0.48,6.34,0.105,324,14.1,0.00121,30.742500346664762,3.937980186957773,4.0,31.5,4.0,4.0,0,0,0,0,-254.0,57.4,-1.69,-254.0,57.3,4.0,15.4,0.871,323,117.0,0.167,16,1,111,6,Layer 3 Up
146.13995099906376,7.356298176623746,35.3,146,7.22,15.6,4.4,0.077,326,9.08,0.000535,108.34066952576296,9.45148983286491,16.5,108.0,9.06,-3.32,2.86,0.0777,325,12.6,0.000833,32.16752330718788,4.074384648043308,4.0,31.5,4.0,4.0,0,0,0,0,-249.0,57.3,1.75,-249.0,57.3,4.0,25.7,0.947,323,119.0,0.182,16,1,111,6,Layer 3 Up
146.17670048559486,7.671440211819091,-27.3,146,8.28,13.67,5.1,0.0813,326,11.3,0.000697,109.36875996427406,8.372143539383295,41.5,109.0,8.2,-5.77,8.62,0.151,324,13.1,0.00142,31.177288038908088,4.390151318922323,4.0,31.5,4.0,4.0,0,0,0,0,-244.0,57.3,-18.2,-243.0,57.3,4.0,22.7,0.953,322,118.0,0.184,16,1,111,6,Layer 3 Up
146.19461067427966,8.826828537440775,85.2,147,9.13,11.2,4.37,0.0873,326,11.4,0.000959,107.05071183266209,7.43836498614587,-21.0,109.0,7.12,-7.7,3.83,0.0677,325,9.02,0.000428,32.46177103100925,3.3318694659413044,-2.25,31.5,4.0,4.0,0,0,0,0,-238.0,57.4,40.4,-238.0,57.3,4.000000954,16.7,0.695,323,119.0,0.131,16,1,111,6,Layer 3 Up
147.27716039084117,9.539290860928288,41.5,147,9.7,8.35,4.73,0.0858,326,12.5,0.000972,109.79537938209019,5.883013116824827,-21.0,109.0,5.87,-9.0,4.74,0.116,325,11.2,0.000539,31.484624957437262,4.32198010092764,4.0,31.5,4.0,4.0,0,0,0,0,-233.0,57.2,-12.3,-233.0,57.3,3.999999046,27.5,1.08,322,117.0,0.209,16,1,111,6,Layer 3 Up
147.59167709834017,9.53656642212484,35.3,148,9.98,5.28,5.61,0.0999,326,14.3,0.00122,106.96352810919083,4.388525491896118,47.8,109.0,4.531,-9.7,1.84,0.0546,324,3.86,5.41e-05,31.986734300149333,3.9910344294755618,4.0,31.5,4.0,4.0,0,0,0,0,-228.0,57.4,31.7,-227.0,57.3,4.0,17.0,0.915,322,116.0,0.175,16,1,111,6,Layer 3 Up
147.40029315490028,9.860848893682961,16.5,148,10.0,4.0,6.5,0.0917,326,11.8,0.00116,108.58834718523221,3.772875612704257,-8.5,109.0,4.0,4.0,1.3,0.0218,325,1.51,2.13e-06,31.47476363537119,3.5369101366626903,4.0,31.5,4.0,4.0,0,0,0,0,-222.0,57.4,-0.69,-222.0,57.3,4.0,18.0,1.08,323,121.0,0.206,16,1,2,6,Layer 3 Up
148.97571265078847,10.08647365978438,22.8,149,10.0,4.0,5.21,0.102,326,14.3,0.00125,109.68515229617934,4.031560679876955,4.0,109.0,4.0,4.0,1.05,0.0207,325,1.31,0.0,31.485444262650432,3.0881108928134156,4.0,31.5,4.0,4.0,0,0,0,0,-217.0,57.3,-5.5,-217.0,57.3,4.0,23.8,1.05,323,117.0,0.203,16,1,111,6,Layer 3 Up
150.03491923506317,10.200369765472288,4.0,150,10.0,4.0,4.47,0.0846,326,13.5,0.00108,108.78798444909361,3.9301056594258568,4.0,109.0,4.0,4.0,-0.177,0.0179,325,1.65,-1.46e-06,31.22348998307095,3.9403009940269302,4.0,31.5,4.0,4.0,0,0,0,0,-212.0,57.4,35.3,-211.0,57.3,4.000000954,21.1,0.862,323,119.0,0.165,16,1,111,6,Layer 3 Up
149.71164068274123,10.237699396117836,47.8,150,10.0,4.0,4.38,0.0879,326,13.8,0.00114,108.02027344964662,4.224818708216375,4.0,109.0,4.0,4.0,0.163,0.0172,325,1.27,0.0,31.556399495456855,4.633286988726493,4.0,31.5,4.0,4.0,0,0,0,0,-206.0,57.2,-58.9,-206.0,57.3,3.999999046,22.0,0.892,323,119.0,0.171,16,1,111,6,Layer 3 Up
151.34554239217934,9.790308004281576,85.2,151,10.0,4.0,5.1,0.0937,326,12.4,0.00116,108.26914917255965,4.412978277902996,4.0,109.0,4.0,4.0,0.119,0.0237,325,1.25,0.0,31.650557205561487,4.732573391217776,4.0,31.5,4.0,4.0,0,0,0,0,-201.0,57.4,28.0,-201.0,57.3,4.0,20.7,1.0,323,116.0,0.192,16,1,111,6,Layer 3 Up
150.44192462246517,9.764372667825247,4.0,151,10.0,4.0,7.07,0.105,326,12.8,0.00128,109.68619318177232,3.691124208848329,4.0,109.0,4.0,4.0,0.163,0.0207,325,1.11,-3.54e-06,31.12869102416393,4.1554556275452645,4.0,31.5,4.0,4.0,0,0,0,0,-196.0,57.3,7.31,-195.0,57.3,4.0,22.2,0.882,323,119.0,0.169,16,1,111,6,Layer 3 Up
151.83079310963132,9.99253229764887,-33.5,152,10.0,4.0,5.94,0.103,326,14.5,0.00124,107.71602305047824,3.767687940692198,4.0,109.0,4.0,4.0,-0.429,0.0159,325,1.5,0.0,31.440797436739096,4.883258973342203,10.25,31.5,4.0,4.0,0,0,0,0,-190.0,57.3,-16.9,-190.0,57.3,4.0,19.3,0.822,323,118.0,0.157,16,1,111,6,Layer 3 Up
152.75680979514348,10.304792976384679,10.25,153,10.0,4.0,4.22,0.0687,326,12.6,0.000861,109.75440808325158,3.5703964353649265,16.5,109.0,4.0,4.0,-0.133,0.017,325,1.36,0.0,31.21114730342197,3.9812158698357245,4.0,31.5,4.0,4.0,0,0,0,0,-185.0,57.4,50.4,-185.0,57.3,4.000000954,22.0,0.928,323,119.0,0.178,16,1,111,6,Layer 3 Up
152.98062904966923,9.967125148742948,72.7,153,10.0,4.0,4.75,0.0877,326,12.8,0.00113,108.96317998531059,4.642660817805799,4.0,109.0,4.0,4.0,0.547,0.0185,325,1.72,9.09e-07,32.58878118726034,4.4170127245780435,4.0,31.5,4.0,4.0,0,0,0,0,-180.0,57.2,-42.1,-179.0,57.3,3.999999046,23.7,1.08,322,117.0,0.207,16,1,111,6,Layer 3 Up
154.11595155001734,10.047495307055836,35.3,154,10.0,4.0,6.09,0.104,326,14.1,0.00134,108.20322429915463,4.096435064078011,4.0,109.0,4.0,4.0,0.459,0.0211,325,1.13,2.99e-06,31.45751676277896,3.777613740321874,-8.5,31.5,4.0,4.0,0,0,0,0,-174.0,57.4,-3.38,-174.0,57.3,4.0,15.9,0.856,323,116.0,0.164,16,1,111,6,Layer 3 Up
153.58091890502138,10.616006509671434,4.0,154,10.0,4.0,4.87,0.094,326,14.7,0.00116,108.6103541262317,4.151868722049037,4.0,109.0,4.0,4.0,1.35,0.0173,325,1.56,-9.58e-07,32.23159367881014,3.7748940894379532,4.0,31.5,4.0,4.0,0,0,0,0,-169.0,57.3,1.75,-169.0,57.3,4.0,25.9,0.952,323,120.0,0.183,16,1,2,6,Layer 3 Up
155.3011561670868,10.144829848350865,16.5,155,10.0,4.0,5.66,0.0853,326,12.6,0.00108,108.32027607236813,3.5757925166093614,4.0,109.0,4.0,4.0,-0.562,0.0211,325,2.1,1.38e-06,31.40738216228812,3.7036306827243135,-2.25,31.5,4.0,4.0,0,0,0,0,-164.0,57.3,-20.0,-163.0,57.3,4.0,22.9,0.971,322,119.0,0.187,16,1,111,6,Layer 3 Up
156.02619633515425,9.926346400721592,72.7,156,10.0,4.0,5.05,0.0992,326,13.0,0.00122,109.57882413146308,3.99962967095435,4.0,109.0,4.0,4.0,0.415,0.0167,325,0.775,1.25e-06,31.62276032396314,3.1236430410004195,16.5,31.5,4.0,4.0,0,0,0,0,-158.0,57.4,40.7,-158.0,57.3,4.000000954,16.3,0.703,323,120.0,0.133,16,1,111,6,Layer 3 Up
155.21333023732845,9.97894979455434,79.0,156,10.0,4.0,6.32,0.107,326,13.3,0.00137,109.48941879135495,4.161188967553449,-2.25,109.0,4.0,4.0,0.163,0.0234,325,1.5,1.24e-06,30.87439717316188,4.588025123717253,10.25,31.5,4.0,4.0,0,0,0,0,-153.0,57.2,-7.7,-153.0,57.3,3.999999046,26.9,1.08,322,118.0,0.209,16,1,111,6,Layer 3 Up
156.18561922100562,9.927081005814347,-21.0,157,10.0,4.0,5.39,0.0968,326,13.8,0.00121,107.85123181688243,3.9199962446088157,4.0,109.0,4.0,4.0,0.207,0.0285,325,1.38,2.01e-06,31.288332463946798,3.719324562295492,4.0,31.5,4.0,4.0,0,0,0,0,-148.0,57.4,28.8,-147.0,57.3,4.0,16.7,0.917,322,117.0,0.176,16,1,111,6,Layer 3 Up
156.9948776476985,9.985587760277307,-14.8,157,10.0,4.0,5.0,0.0846,326,12.8,0.001,108.73031394464654,4.340486137136194,4.0,109.0,4.0,4.0,0.207,0.017,324,1.17,-1.63e-06,31.59967811901317,3.649418940533381,4.0,31.5,4.0,4.0,0,0,0,0,-142.0,57.4,3.125,-142.0,57.3,4.0,16.5,0.732,323,119.0,0.14,16,1,111,6,Layer 3 Up
157.90812196322338,10.210788202688176,79.0,158,10.0,4.0,3.76,0.0821,325,12.5,0.00102,108.42320693186642,4.731748939035605,4.0,109.0,4.0,4.0,0.163,0.0181,324,1.2,1.33e-06,32.25089712314423,3.4838336592512538,4.0,31.5,4.0,4.0,0,0,0,0,-137.0,57.3,-10.8,-137.0,57.3,4.0,23.6,1.04,322,118.0,0.201,16,1,111,6,Layer 3 Up
158.95699799819428,9.575925171125956,35.3,159,10.0,4.0,6.53,0.106,326,13.0,0.00136,109.86434195552182,3.700232334776027,4.0,109.0,4.0,4.0,0.756,0.0192,324,1.0,-9.59e-07,31.605098251272064,3.9106050897677105,4.0,31.5,4.0,4.0,0,0,0,0,-132.0,57.4,33.4,-131.0,57.3,4.000000954,21.1,0.862,322,119.0,0.165,16,1,111,6,Layer 3 Up
158.98836491660424,9.617185728731174,-14.8,159,10.0,4.0,6.1,0.0993,326,14.2,0.00121,108.09784436118451,3.676485341187148,4.0,109.0,4.0,4.0,-0.133,0.0179,325,1.45,1.43e-06,32.15512555403292,4.771421371431662,4.0,31.5,4.0,4.0,0,0,0,0,-126.0,57.2,-63.9,-126.0,57.3,3.999999046,22.7,0.903,322,119.0,0.172,16,1,111,6,Layer 3 Up
160.09378760369387,10.056126325375931,10.25,160,10.0,4.0,3.54,0.0834,326,14.8,0.00107,110.07196894902941,3.6971695553112665,-2.25,109.0,4.0,4.0,1.69,0.0226,325,2.25,-2.71e-06,31.803354655376182,4.915901783582827,4.0,31.5,4.0,4.0,0,0,0,0,-121.0,57.4,28.0,-121.0,57.3,4.0,20.2,0.998,322,118.0,0.192,16,1,111,6,Layer 3 Up
160.3940319617273,10.101445397049371,29.0,160,10.0,4.0,4.26,0.0766,326,13.2,0.000962,108.97775197643283,4.50839982133,4.0,109.0,4.0,4.0,-0.133,0.017,325,1.46,1.32e-06,32.27049686775695,3.2484710577274973,-2.25,31.5,4.0,4.0,0,0,0,0,-116.0,57.3,4.687,-115.0,57.3,4.0,21.9,0.89,323,120.0,0.171,16,1,2,6,Layer 3 Up
160.53800345692807,9.803657450793402,60.3,161,10.0,4.0,6.18,0.105,326,13.7,0.00132,108.22357872649809,4.329929980124524,4.0,109.0,4.0,4.0,0.207,0.0153,325,1.42,0.0,31.47204632785055,3.844950410319374,4.0,31.5,4.0,4.0,0,0,0,0,-110.0,57.4,-10.4,-110.0,57.3,4.0,19.1,0.819,323,118.0,0.157,16,1,111,6,Layer 3 Up
161.51269513431942,9.847994615123296,-2.25,162,10.0,4.0,6.01,0.104,326,14.8,0.00129,108.54743565422363,3.957102257262525,4.0,109.0,4.0,4.0,1.1,0.0181,324,1.79,1.4e-06,32.63165638194972,3.5475309505016157,4.0,31.5,4.0,4.0,0,0,0,0,-105.0,57.4,51.6,-105.0,57.3,4.000000954,21.7,0.924,323,120.0,0.178,16,1,111,6,Layer 3 Up
161.5453968006217,9.917925748578655,-39.8,162,10.0,4.0,4.18,0.0713,326,13.8,0.000832,108.46434676708509,4.011571993879699,4.0,109.0,4.0,4.0,-0.000961,0.0181,325,2.04,1.03e-06,31.270188063081314,4.432338066459197,4.0,31.5,4.0,4.0,0,0,0,0,-100.0,57.3,-39.2,-99.0,57.3,3.999999046,23.9,1.07,322,117.0,0.206,16,1,111,6,Layer 3 Up
163.12013132275592,10.44130361034042,47.8,163,10.0,4.0,3.59,0.0727,326,12.6,0.00089,108.14828166074795,3.741544732433865,4.0,109.0,4.0,4.0,0.459,0.0192,325,1.02,0.0,31.137116900310033,4.12536736677166,4.0,31.5,4.0,4.0,0,0,0,0,-94.5,57.4,-2.75,-94.1,57.3,4.0,16.2,0.859,323,117.0,0.165,16,1,111,6,Layer 3 Up
163.51764813994265,9.970852268523116,54.0,163,10.0,4.0,4.66,0.097,326,14.7,0.00119,109.06336467083665,4.281714534062411,4.0,109.0,4.0,4.0,0.711,0.0171,325,0.739,0.0,30.927097724515544,3.7215393678791737,4.0,31.5,4.0,4.0,0,0,0,0,-89.2,57.3,-3.69,-88.7,57.3,4.0,26.1,0.968,323,120.0,0.187,16,1,111,6,Layer 3 Up
163.82064940115674,9.917253801005417,-8.5,164,9.93,1.96,5.67,0.106,326,14.0,0.00128,108.17948917737006,2.929752135160034,-39.8,109.0,3.083,-9.6,-3.85,0.108,324,10.4,0.000189,32.60362893561981,4.03174633936497,4.0,31.5,4.0,4.0,0,0,0,0,-83.8,57.3,-21.6,-83.4,57.3,4.0,22.9,0.961,322,119.0,0.185,16,1,111,6,Layer 3 Up
162.95979517428918,9.270881523561432,-14.8,165,9.52,-1.31,6.19,0.0968,326,12.3,0.00108,107.54304795589702,1.7176796567433836,-64.7,109.0,1.66,-8.7,-3.74,0.0609,325,6.72,0.000268,31.887969318128256,3.7911581890842214,4.0,31.5,4.0,4.0,0,0,0,0,-78.1,57.3,34.9,-77.6,57.3,4.0,21.0,0.931,323,121.0,0.178,16,1,113,6,Layer 3 Up
164.29148110921378,9.348077823581338,35.3,165,8.91,-3.84,4.74,0.0995,326,12.9,0.00105,108.74629472421508,0.692696284979895,-58.5,109.0,0.55,-7.3,-5.68,0.114,325,10.7,0.000835,31.341809778399924,4.7311351662801595,10.25,31.5,4.0,4.0,0,0,0,0,-73.2,57.2,-14.6,-72.7,57.3,3.999999046,26.9,1.09,322,119.0,0.211,16,1,113,6,Layer 3 Up
164.65362398647875,8.110387000061857,10.25,165,8.0,-6.2,6.67,0.119,326,12.0,0.000983,106.79530557295013,-0.10950482064221276,41.5,108.0,-0.47,-5.21,-5.08,0.0825,325,11.8,0.000714,32.09135263832026,4.239261751619061,4.0,31.5,4.0,4.0,0,0,0,0,-67.8,57.4,23.6,-67.4,57.3,4.0,16.9,0.933,322,117.0,0.18,16,1,113,6,Layer 3 Up
165.7680967676577,7.4243711332062245,4.0,166,6.88,-8.0,2.28,0.0666,326,10.3,0.000409,107.49739529541716,-1.4743722647144857,29.0,108.0,-1.26,-2.66,-3.28,0.0658,325,12.7,0.000678,31.82558943007167,4.293007289505218,4.0,31.5,4.0,4.0,0,0,0,0,-62.5,57.4,2.06,-62.1,57.3,4.0,17.3,0.737,323,120.0,0.141,16,1,2,6,Layer 3 Up
165.83019233029594,5.9796098201621355,54.0,166,5.61,-9.2,2.18,0.0652,326,8.75,0.000203,106.39252438120609,-1.6966526986594523,4.0,107.0,-1.78,0.25,-7.69,0.141,324,15.8,0.00166,32.43086752577215,2.8333846844241695,4.0,31.5,4.0,4.0,0,0,0,0,-57.2,57.3,-9.4,-56.7,57.3,4.0,25.1,1.06,322,117.0,0.204,16,1,113,6,Layer 3 Up
166.01604200056204,4.5729665125553645,16.5,166,4.256,-9.7,2.49,0.0673,326,7.28,3.12e-05,106.41784089667765,-1.598251300130118,-21.0,107.0,-1.99,3.35,-7.91,0.133,324,15.2,0.00163,30.767175022831335,3.9957839870297613,16.5,31.5,4.0,4.0,0,0,0,0,-51.8,57.4,33.1,-51.4,57.3,4.000000954,21.0,0.863,322,119.0,0.165,16,1,113,6,Layer 3 Up
165.87037612106977,4.1210856362539,72.7,166,4.0,4.0,1.94,0.0435,326,3.61,-6.22e-06,107.3370723089327,-1.7288462064763694,10.25,106.0,-2.0,4.0,-2.09,0.0622,325,13.2,0.000709,31.374364652820656,4.911278969233898,4.0,31.5,4.0,4.0,0,0,0,0,-46.5,57.2,-58.8,-46.1,57.3,3.999999046,22.2,0.9,323,119.0,0.172,16,1,113,6,Layer 3 Up
166.43631458395978,4.27196147513982,97.7,166,4.0,4.0,2.22,0.0425,326,2.39,-5.72e-06,106.03769502011606,-1.9946798334385714,-52.3,106.0,-2.0,4.0,-4.96,0.0951,325,12.9,0.00127,31.281018198181048,4.580101370319208,4.0,31.5,4.0,4.0,0,0,0,0,-41.2,57.3,24.0,-40.7,57.3,4.0,20.4,1.01,322,117.0,0.194,16,1,113,6,Layer 3 Up
165.71891253649977,4.462451673172984,66.5,166,4.0,4.0,1.65,0.0422,326,4.0,0.0,105.1639604354932,-1.6957321495808577,-27.3,105.0,-2.0,4.0,-7.45,0.126,325,13.7,0.00163,30.56555544521108,3.1920098698499495,4.0,31.5,4.0,4.0,0,0,0,0,-35.8,57.3,0.31,-35.4,57.3,4.0,22.1,0.897,323,120.0,0.172,16,1,113,6,Layer 3 Up
165.6414488713194,3.9834249367420873,79.0,166,4.0,4.0,2.77,0.0407,326,1.9,0.0,103.81298512212096,-1.8832585123897359,198.0,105.0,-2.0,4.0,-8.48,0.124,324,15.7,0.00145,32.002014328161344,3.837895129032831,-2.25,31.5,4.0,4.0,0,0,0,0,-30.5,57.3,-15.2,-30.1,57.3,4.0,19.5,0.82,323,118.0,0.158,16,1,113,6,Layer 3 Up
166.19911607191676,3.940378078513515,72.7,166,4.0,4.0,0.549,0.0445,326,4.95,-1.91e-05,103.56301243318585,-2.0240346752323273,-33.5,104.0,-2.0,4.0,-8.52,0.149,325,15.5,0.00191,31.371980135295154,3.474407805097454,4.0,31.5,4.0,4.0,0,0,0,0,-25.2,57.4,50.1,-24.7,57.3,4.000000954,22.0,0.926,323,119.0,0.177,16,1,115,6,Layer 3 Up
165.36148123627586,-2.0966966921112333,-77.2,166,-2.0,4.0,-4.52,0.0904,326,13.4,0.00112,103.94386831236739,4.232002028078012,10.25,103.8,4.0,4.0,0.668,0.0193,325,2.89,-1.76e-06,31.850180077229687,4.723503582607067,-8.5,31.5,4.0,4.0,0,0,0,0,-19.8,57.3,-38.6,-19.4,57.3,3.999999046,22.9,1.04,322,117.0,0.201,16,1,115,6,Layer 3 Up
165.16203350428296,-1.8279936579873166,4.0,165,-2.0,4.0,-6.61,0.112,326,14.5,0.00139,103.11539505247833,4.054201749570358,10.25,103.8,4.0,4.0,0.731,0.0298,325,3.25,-2.52e-06,32.617239392601086,4.106856994156351,4.0,31.5,4.0,4.0,0,0,0,0,-14.5,57.4,-4.69,-14.1,57.3,4.0,16.7,0.86,323,116.0,0.166,16,1,115,6,Layer 3 Up
165.04264153305726,-2.042116871498841,41.5,165,-2.0,4.0,-7.14,0.113,326,13.7,0.00143,104.4067806457169,3.499704564136439,-14.8,103.8,4.0,4.0,2.02,0.0287,325,0.851,3.73e-06,31.33275597020364,3.6641358172527747,4.0,31.5,4.0,4.0,0,0,0,0,-8.9,57.4,45.0,-8.5,57.3,4.0,16.0,0.949,316,117.0,0.18,16,1,2,6,Layer 3 Up
163.93869352876774,-2.0719647314698157,4.0,164,-2.0,4.0,-4.05,0.0858,326,14.8,0.00108,102.99634085217352,3.9461582460722604,29.0,103.8,4.0,4.0,0.0562,0.0218,325,3.36,0.0,31.300604161914617,4.014942037168939,4.0,31.5,4.0,4.0,0,0,0,0,-3.83,57.3,-24.8,-3.39,57.3,4.0,22.3,0.962,322,119.0,0.186,16,1,115,6,Layer 3 Up
163.66040395496478,-2.097616199072965,16.5,163,-2.0,4.0,-5.2,0.0957,326,13.4,0.00118,103.60864603141502,3.92376114184596,-14.8,103.8,4.0,4.0,0.702,0.0313,325,2.54,0.0,31.55618182120791,2.859435065175177,4.0,31.5,4.0,4.0,0,0,0,0,1.72,57.2,-50.0,2.16,57.3,4.0,21.5,1.04,318,121.0,0.199,16,1,115,6,Layer 3 Up
162.74128663408612,2.1491658037371213,-39.8,163,2.77,-4.88,-4.0,0.0988,326,10.4,0.000236,103.60839186949865,9.968428076135275,66.5,104.0,9.87,2.16,2.27,0.0485,325,12.1,0.000569,31.967414506015626,3.525394961094501,4.0,31.5,4.0,4.0,0,0,0,0,6.84,57.2,-10.6,7.28,57.3,3.999999046,26.4,1.07,322,119.0,0.208,16,1,115,6,Layer 3 Up
163.85667035731146,1.8854847829415688,-14.8,163,1.9,-4.5,-4.51,0.0572,326,6.06,0.00023,105.10980142675821,10.16900417474741,60.3,105.0,9.62,0.84,5.0,0.0947,324,13.1,0.00114,31.231688428459716,3.9909419288582484,-8.5,31.5,4.0,4.0,0,0,0,0,12.17,57.4,28.0,12.61,57.3,4.0,17.0,0.915,322,116.0,0.175,16,1,117,6,Layer 3 Down
162.90626578088435,1.1537810931545072,4.0,163,1.04,-3.91,-5.71,0.112,326,11.1,0.000669,104.57201532674759,9.401880343796059,-64.7,105.0,9.22,-0.45,4.13,0.0777,324,13.3,0.000831,31.201269795915774,4.369931895144568,4.0,31.5,4.0,4.0,0,0,0,0,17.7,57.2,-36.7,18.2,57.3,4.0,19.7,1.08,317,121.0,0.207,16,1,117,6,Layer 3 Down
161.46901756752666,0.4829070261254921,4.0,162,0.32,-3.18,-6.66,0.0989,326,10.3,0.000743,105.81898498421333,9.114642166605453,22.8,106.0,8.74,-1.55,5.09,0.103,324,13.5,0.00101,32.00052866591296,3.1257923270640675,-2.25,31.5,4.0,4.0,0,0,0,0,22.8,57.3,-11.3,23.3,57.3,4.0,23.5,1.04,322,118.0,0.201,16,1,117,6,Layer 3 Down
162.0290725067327,0.19598596149570804,10.25,162,-0.38,-2.22,-5.83,0.103,326,11.9,0.000962,105.84221447823242,8.003380292613521,-52.3,106.0,8.1,-2.6,7.62,0.11,325,10.4,0.00093,31.67926764956626,3.8332675745532807,4.0,31.5,4.0,4.0,0,0,0,0,28.4,57.4,5.38,28.8,57.3,4.0,17.0,0.81,318,119.0,0.156,16,1,117,6,Layer 3 Down
161.55249809299335,-1.3871932519297876,10.25,162,-0.97,-1.11,-4.26,0.0756,326,11.6,0.000773,106.50927154346486,7.525761164945772,-27.3,107.0,7.37,-3.49,1.77,0.0325,324,6.99,0.000197,30.531918750553846,4.441676525868125,10.25,31.5,4.0,4.0,0,0,0,0,33.9,57.3,-10.1,34.4,57.3,4.0,24.5,0.995,322,117.0,0.192,16,1,117,6,Layer 3 Down
160.68742051030722,-1.6722684899168971,-39.8,161,-1.4,0.03,-5.17,0.0913,326,11.8,0.00104,107.32414669630094,6.40354475647576,-39.8,107.0,6.61,-4.15,3.53,0.0605,325,6.6,0.000352,30.919835463834282,3.3650768379581537,4.0,31.5,4.0,4.0,0,0,0,0,39.1,57.3,-11.4,39.5,57.3,4.0,24.6,1.02,317,119.0,0.196,16,1,117,6,Layer 3 Down
160.1650861335776,-2.3374453180460666,66.5,160,-1.73,1.3,-4.44,0.0959,326,15.5,0.00119,107.15929453897141,5.733775977909006,-14.8,107.0,5.77,-4.66,4.11,0.0726,325,7.63,0.000252,32.21076353619307,4.100253647639488,4.0,31.5,4.0,4.0,0,0,0,0,44.4,57.5,35.7,44.8,57.3,4.0,14.3,0.863,317,115.0,0.165,16,1,2,6,Layer 3 Down
160.2310105950726,-2.211290038083335,-14.8,160,-1.94,2.69,-3.74,0.0715,326,13.4,0.000874,106.94078688792955,4.979131874580846,22.8,107.0,4.849,-4.98,2.37,0.0653,325,7.57,0.000129,31.690293860319066,4.028859860267494,4.0,31.5,4.0,4.0,0,0,0,0,49.9,57.4,41.9,50.4,57.3,4.0,20.4,1.01,323,116.0,0.194,16,1,117,6,Layer 3 Down
158.74130316004266,-1.2162373790756655,198.0,159,4.0,276.0,1.14,0.0559,326,1.12,-0.00012,106.7123615536119,3.667276293200383,22.8,107.0,4.0,3.857,3.82,0.0736,325,5.11,0.0,31.139136601869538,4.749937842068145,4.0,31.5,4.0,4.0,0,0,0,0,55.3,57.4,26.9,55.7,57.3,4.0,16.9,0.803,323,118.0,0.153,16,1,117,6,Layer 3 Down
159.4105622819647,-2.119827817861084,-2.25,159,-2.0,4.0,-5.64,0.104,326,13.9,0.00136,107.53226217175497,3.7542268629806284,-33.5,107.0,4.0,4.0,3.42,0.0705,325,4.05,1.07e-05,31.419319159969305,3.8993293156748203,10.25,31.5,4.0,4.0,0,0,0,0,60.4,57.5,60.9,60.8,57.3,4.000000954,16.4,0.735,317,119.0,0.139,16,1,117,6,Layer 3 Down
158.48129081452444,-1.6745719487645334,-27.3,158,-2.0,4.0,-6.19,0.103,326,13.2,0.00132,106.84241216809474,3.997673452074816,47.8,107.0,4.0,4.0,2.8,0.0529,325,3.81,-1.58e-05,31.506266932861543,3.9249351028386545,4.0,31.5,4.0,4.0,0,0,0,0,65.7,57.2,-38.7,66.2,57.3,4.0,29.7,1.0,318,118.0,0.191,16,1,117,6,Layer 3 Down
158.59721313963462,-1.5971564388202242,35.3,158,-2.0,4.0,-5.52,0.098,326,14.7,0.00121,106.79506046340838,4.230876003147318,47.8,107.0,4.0,4.0,0.728,0.0517,324,7.17,-7.47e-06,31.848334633782855,4.373993252681572,4.0,31.5,4.0,4.0,0,0,0,0,71.3,57.3,-39.2,71.7,57.3,4.0,22.7,0.981,322,118.0,0.189,16,1,117,6,Layer 3 Down
157.22012967789632,-2.107126225164366,-21.0,157,-2.0,4.0,-3.64,0.0912,326,14.9,0.00117,107.0699553829221,4.121028164092491,-14.8,107.0,4.0,4.0,3.56,0.0644,325,3.59,3.02e-05,30.856927104612154,3.4448025688139117,10.25,31.5,4.0,4.0,0,0,0,0,76.4,57.4,36.9,76.8,57.3,4.0,16.7,0.783,317,118.0,0.15,16,1,117,6,Layer 3 Down
156.56691258511094,-2.208883588637927,-14.8,156,-2.0,4.0,-5.31,0.0871,326,12.8,0.00108,108.13368361050814,3.890999024452296,41.5,107.0,4.0,4.0,3.02,0.0486,325,3.42,-2.24e-05,31.10185071649159,3.9033769384173826,4.0,31.5,4.0,4.0,0,0,0,0,81.9,57.3,26.6,82.4,57.3,4.0,22.6,0.94,323,118.0,0.18,16,1,117,6,Layer 3 Down
155.21796549432767,-1.7685124711085747,-2.25,156,-2.0,4.0,-4.98,0.09,326,13.7,0.00115,106.1043547137741,4.198408259755854,29.0,107.0,4.0,4.0,3.2,0.0556,325,3.73,-2.29e-05,31.62923152332396,3.80064783341941,4.0,31.5,4.0,4.0,0,0,0,0,86.8,57.2,-17.8,87.3,57.3,3.999999046,28.7,1.08,322,116.0,0.208,16,1,117,6,Layer 3 Down
154.86781470735573,-1.9358047245292218,35.3,155,-2.0,4.0,-8.07,0.0989,326,10.9,0.00119,107.51442944286542,4.017367735301398,41.5,107.0,4.0,4.0,2.58,0.0506,325,4.0,-2.2e-05,31.452733090664115,3.914234472175831,-8.5,31.5,4.0,4.0,0,0,0,0,92.6,57.4,31.6,93.0,57.3,3.999999046,18.4,0.746,323,121.0,0.141,16,1,117,6,Layer 3 Down
154.63949989698017,-2.21040215923683,35.3,155,-2.0,4.0,-5.81,0.0963,326,13.1,0.00118,105.7349558151523,3.166697751911244,35.3,107.0,4.0,4.0,2.58,0.0504,325,3.89,-1.56e-05,31.770748031438004,4.346126577910988,-2.25,31.5,4.0,4.0,0,0,0,0,97.9,57.3,16.6,98.4,57.3,4.0,26.8,1.06,322,117.0,0.204,16,1,117,6,Layer 3 Down
154.0495740191949,-2.454222161671687,-8.5,154,-2.0,4.0,-4.82,0.109,326,16.0,0.00143,107.14518504769578,3.796580403864785,-14.8,107.0,4.0,4.0,3.25,0.0657,325,4.17,5.1e-05,30.917886924646886,4.242412178526034,4.0,31.5,4.0,4.0,0,0,0,0,103.1,57.3,26.8,103.5,57.3,4.0,20.4,0.893,316,121.0,0.172,16,1,2,6,Layer 3 Down
152.7623918645377,-2.1296551898383798,-39.8,153,-2.0,4.0,-6.89,0.119,326,13.7,0.00155,108.05249298770049,4.416525288719397,35.3,107.0,4.0,4.0,2.67,0.0491,324,3.96,-1.53e-05,31.669083384522562,3.6974967102189997,10.25,31.5,4.0,4.0,0,0,0,0,109.0,57.3,-16.9,109.0,57.3,4.0,18.8,0.779,323,122.0,0.15,16,1,117,6,Layer 3 Down
152.9309117001269,-1.678290849726852,16.5,153,-2.0,4.0,-6.1,0.102,325,14.5,0.00127,107.32653533280698,3.5426689121338484,35.3,107.0,4.0,4.0,1.61,0.0491,324,5.04,-2.21e-05,32.016812748785,4.059797644862326,4.0,31.5,4.0,4.0,0,0,0,0,114.0,57.3,-10.4,114.0,57.3,4.0,24.9,1.01,322,116.0,0.194,16,1,117,6,Layer 3 Down
152.78260683342592,-1.3011684523171447,-14.8,152,-2.0,4.178,3.17,0.132,325,1.96,0.000165,107.11401413026744,4.035669416086693,22.8,107.0,3.864,-5.07,1.52,0.047,324,4.73,-6.57e-06,31.73048534903375,4.626978183915815,-2.25,31.5,4.0,4.0,0,0,0,0,119.0,57.4,43.2,120.0,57.3,3.999999046,17.7,0.786,323,119.0,0.15,16,1,117,6,Layer 3 Down
151.9294306422622,-1.9318993002910685,-39.8,152,-1.92,5.49,-4.53,0.1,325,14.5,0.00127,106.62549960831505,3.651772468891656,22.8,107.0,3.0,-4.95,-5.86,0.107,324,7.66,0.000224,31.56586276977613,3.6363277210299287,4.0,31.5,4.0,4.0,0,0,0,0,124.0,57.5,40.3,125.0,57.3,4.0,13.8,0.87,316,116.0,0.166,16,1,119,6,Layer 3 Down
151.17205451972512,-1.7248562328665107,54.0,151,-1.7,6.82,-5.15,0.0981,325,12.9,0.00117,107.02074618567936,1.8792481063133903,-33.5,107.0,2.08,-4.61,-5.78,0.106,324,9.67,0.000477,31.454603690156336,4.0635016983910965,4.0,31.5,4.0,4.0,0,0,0,0,130.0,57.2,-22.6,130.0,57.3,4.0,25.5,0.99,317,119.0,0.191,16,1,119,6,Layer 3 Down
150.9034225954741,-1.818134700212863,-27.3,150,-1.33,8.14,-3.3,0.0756,326,13.6,0.000822,106.83156800326822,1.2006802345142853,-33.5,107.0,1.25,-4.08,-8.26,0.134,324,9.76,0.000799,31.10473782179305,3.9155038706897627,4.0,31.5,4.0,4.0,0,0,0,0,135.0,57.4,27.6,136.0,57.3,4.0,16.9,0.805,323,118.0,0.153,16,1,119,6,Layer 3 Down
150.03148152552632,-0.8878394141760463,-27.3,150,-0.86,9.3,-4.46,0.0888,326,12.5,0.000925,105.47479913192866,0.03724817650926676,-27.3,106.0,0.48,-3.36,-7.78,0.148,324,12.9,0.00115,31.46591210255731,3.972439111056598,4.0,31.5,4.0,4.0,0,0,0,0,141.0,57.3,-37.6,141.0,57.3,4.0,20.3,0.87,322,120.0,0.168,16,1,119,6,Layer 3 Down
150.00250173098863,-0.7184321666938407,66.5,150,-0.27,10.35,-4.98,0.0895,325,12.1,0.000776,105.80630094668999,0.4450569383163408,35.3,106.0,-0.21,-2.48,-4.67,0.0801,324,11.1,0.000674,32.09641060284411,3.286685781526401,4.0,31.5,4.0,4.0,0,0,0,0,146.0,57.4,56.4,146.0,57.3,3.999999046,21.1,0.929,322,118.0,0.177,16,1,119,6,Layer 3 Down
149.1864127936836,0.44168763905619635,16.5,149,0.41,11.26,-3.71,0.0595,326,8.23,0.000432,106.1325611433198,-0.45637673691449526,35.3,106.0,-0.81,-1.45,-6.24,0.101,324,13.2,0.000935,31.44364568266894,4.617123539083046,4.0,31.5,4.0,4.0,0,0,0,0,151.0,57.2,-42.9,152.0,57.3,4.0,23.3,0.986,322,118.0,0.19,16,1,119,6,Layer 3 Down
149.4845339558793,1.4402380955295007,4.0,149,1.18,11.99,-4.91,0.0849,326,9.19,0.000477,104.48733452583028,-1.0852415073200403,97.7,105.0,-1.29,-0.29,-7.31,0.113,324,13.1,0.00118,31.078720276255822,3.6612678139978545,4.0,31.5,4.0,4.0,0,0,0,0,157.0,57.3,-37.7,157.0,57.3,4.0,12.6,0.919,322,128.0,0.177,16,1,2,6,Layer 3 Down
149.6849851272744,1.978175929215827,-14.8,149,2.01,12.55,-5.66,0.0889,326,7.74,0.000381,104.4612308968733,-1.2713320416111253,-27.3,105.0,-1.66,0.96,-9.07,0.159,324,14.9,0.00198,31.266944495584006,4.423844512484541,-8.5,31.5,4.0,4.0,0,0,0,0,162.0,57.3,32.4,162.0,57.3,4.0,22.6,0.934,322,119.0,0.179,16,1,119,6,Layer 3 Down
148.128739786306,2.6854648982316416,-27.3,148,2.88,12.91,-3.92,0.0713,326,7.71,0.00016,103.09106578108982,-1.6706265262596918,-58.5,104.0,-1.9,2.28,-7.44,0.143,324,15.5,0.00179,31.595093030333906,3.7031852649511023,-2.25,31.5,4.0,4.0,0,0,0,0,167.0,57.3,-14.4,168.0,57.3,4.0,19.0,0.896,322,118.0,0.173,16,1,119,6,Layer 3 Down
148.2451331310863,3.8159757127767135,4.0,148,3.784,13.07,-3.05,0.066,326,6.23,0.0,103.6610880792231,-1.9971570937368603,-33.5,103.4,-2.0,3.646,-8.37,0.131,324,13.9,0.00152,31.32315894800364,3.7013794951001775,-8.5,31.5,4.0,4.0,0,0,0,0,173.0,57.4,40.1,173.0,57.3,3.999999046,15.5,0.73,323,122.0,0.138,16,1,119,6,Layer 3 Down
147.5214714431114,3.950220528140057,-52.3,148,4.0,4.0,-1.36,0.0562,326,4.29,-3.52e-05,103.26439284283332,-2.2748786907306475,-21.0,102.9,-2.0,4.0,-3.01,0.0781,324,13.2,0.000952,31.729767943803775,4.505668149776433,-8.5,31.5,4.0,4.0,0,0,0,0,178.0,57.3,18.9,178.0,57.3,4.0,26.2,1.06,322,117.0,0.205,16,1,119,6,Layer 3 Down
147.96346091968553,3.646392519779665,-52.3,148,4.0,4.0,-1.26,0.0413,325,4.88,-1.16e-05,102.45479883902783,-1.7933425984435918,4.0,102.3,-2.0,4.0,-4.87,0.0949,324,14.8,0.00122,31.74754156839757,4.434764483671833,4.0,31.5,4.0,4.0,0,0,0,0,183.0,57.4,24.1,184.0,57.3,4.0,15.6,0.925,322,116.0,0.177,16,1,119,6,Layer 3 Down
148.39097161924536,4.418638525938651,-52.3,148,4.0,4.0,-0.734,0.0401,326,5.32,-1.11e-05,102.34494079785922,-2.127548996899632,91.5,101.7,-2.0,4.0,-5.66,0.0811,324,13.6,0.000948,31.920891109881783,4.066278727435292,-8.5,31.5,4.0,4.0,0,0,0,0,189.0,57.3,-19.6,189.0,57.3,4.0,20.1,0.792,323,121.0,0.151,16,1,119,6,Layer 3 Down
148.36006907811048,3.82167899569049,-33.5,148,4.0,4.0,-3.06,0.0459,326,2.11,-2.69e-05,101.15871441822121,-2.8901573182139892,10.25,101.1,-2.0,4.0,-4.42,0.0831,324,13.6,0.00105,32.173987471834536,4.332957392261712,4.0,31.5,4.0,4.0,0,0,0,0,194.0,57.3,-11.8,194.0,57.3,4.0,25.2,1.02,322,117.0,0.196,16,1,119,6,Layer 3 Down
148.0879871603041,4.152910737520821,-33.5,148,4.0,4.0,-2.65,0.0445,325,3.42,-1.25e-05,100.76194734362366,-2.296851965303789,-39.8,100.5,-2.0,4.0,-4.52,0.12,324,15.3,0.00157,31.971491579397206,3.8737755871443764,-2.25,31.5,4.0,4.0,0,0,0,0,199.0,57.4,42.4,200.0,57.3,3.999999046,17.4,0.794,322,120.0,0.151,16,1,119,6,Layer 3 Down
148.36856191056495,3.2394276115870007,-21.0,148,4.0,4.0,-3.06,0.0445,326,3.39,-6.27e-06,100.10302853556597,-2.5985221304925417,-52.3,99.9,-2.0,4.0,-7.34,0.148,324,17.0,0.00198,31.057682388968068,3.9713396682753404,-2.25,31.5,4.0,4.0,0,0,0,0,205.0,57.2,-62.4,205.0,57.3,4.0,25.8,0.925,323,122.0,0.175,16,1,119,6,Layer 3 Down
148.20406041123812,4.425018443580161,-14.8,148,4.243,13.07,-0.75,0.0254,325,1.24,-5.49e-06,99.43883164310927,-1.388408800610815,135.0,99.4,-2.0,4.341,-4.51,0.13,324,15.9,0.00168,31.07221956003396,3.660579290223796,-14.8,31.5,4.0,4.0,0,0,0,0,210.0,57.4,45.1,210.0,57.3,4.0,19.2,0.997,321,116.0,0.192,16,1,2,6,Layer 3 Down
148.4990863972299,5.53151277552632,41.5,148,5.14,12.91,2.27,0.0487,325,7.65,7.37e-05,98.54529722371934,-1.8940425535702454,-27.3,98.8,-1.89,5.7,-5.37,0.109,324,13.2,0.00136,31.464125822031818,4.370473810050886,-2.25,31.5,4.0,4.0,0,0,0,0,215.0,57.4,22.3,216.0,57.3,4.0,16.7,0.819,322,118.0,0.156,16,1,120,6,Layer 3 Down
149.12031530966158,6.008764963279036,16.5,149,6.02,12.55,5.31,0.0956,325,8.77,0.000353,99.77952860698609,-1.816509200463087,66.5,98.2,-1.65,7.03,-6.75,0.103,324,12.3,0.00113,31.2863900003447,3.6966735495839327,4.0,31.5,4.0,4.0,0,0,0,0,221.0,57.3,-40.4,221.0,57.3,4.0,21.4,0.872,322,119.0,0.168,16,1,120,6,Layer 3 Down
148.852100920413,7.0841631208292855,16.5,149,6.85,12.0,3.49,0.0684,325,9.09,0.000432,97.39799985832977,-1.771133595155218,-46.0,97.7,-1.28,8.28,-6.19,0.13,324,14.1,0.00151,30.96105662055315,4.624666197885913,-2.25,31.5,4.0,4.0,0,0,0,0,226.0,57.4,51.9,226.0,57.3,3.999999046,21.2,0.93,322,118.0,0.179,16,1,120,6,Layer 3 Down
149.139642530238,7.914087952923801,22.8,149,7.61,11.26,3.56,0.076,325,10.1,0.000585,96.75505094123571,-1.0980387862278373,16.5,97.2,-0.79,9.44,-5.47,0.092,324,12.9,0.000879,31.290880014860882,3.836841627654773,-8.5,31.5,4.0,4.0,0,0,0,0,231.0,57.2,-40.8,232.0,57.3,4.0,24.0,0.997,322,118.0,0.191,16,1,120,6,Layer 3 Down
148.78146116566316,8.031154569134864,47.8,150,8.29,10.36,4.18,0.107,325,13.8,0.000928,97.09001160305192,-0.8780055529306926,22.8,96.7,-0.19,10.47,-3.77,0.0857,324,11.9,0.000799,31.27534077169686,4.008971258045664,4.0,31.5,4.0,4.0,0,0,0,0,237.0,57.3,-36.8,237.0,57.3,4.0,22.2,0.929,322,118.0,0.179,16,1,120,6,Layer 3 Down
150.15920358775787,9.110740803571517,16.5,150,8.87,9.32,4.55,0.0872,326,12.3,0.000925,96.56829274078358,0.6716902034613939,-14.8,96.3,0.5,11.35,-4.89,0.114,324,12.3,0.000895,31.181912158640678,4.331897682077797,4.0,31.5,4.0,4.0,0,0,0,0,242.0,57.3,33.8,242.0,57.3,4.0,21.6,0.923,323,120.0,0.178,16,1,120,6,Layer 3 Down
148.4829928195289,9.212429880435318,22.8,151,9.34,8.15,4.99,0.0862,325,11.9,0.00099,95.16129809358313,1.7864128196925793,-2.25,96.0,1.27,12.07,-4.06,0.0814,324,9.2,0.000505,31.3504887491164,4.010439242866132,4.0,31.5,4.0,4.0,0,0,0,0,247.0,57.3,-17.0,248.0,57.3,4.0,19.3,0.905,322,118.0,0.175,16,1,120,6,Layer 3 Down
150.2833852720164,9.471151365766564,-33.5,151,9.69,6.88,4.97,0.0859,325,13.6,0.001,96.55018974853917,2.3999215855157674,47.8,95.8,2.11,12.6,-4.13,0.0877,324,9.77,0.000335,32.05794023696359,3.869683106078345,4.0,31.5,4.0,4.0,0,0,0,0,253.0,57.4,36.9,253.0,57.3,3.999999046,18.7,0.736,323,119.0,0.139,16,1,120,6,Layer 3 Down
152.18784502861146,10.301088213034738,66.5,152,9.91,5.56,4.97,0.102,326,14.5,0.0013,95.63705783067505,2.8908663711483884,10.25,95.7,2.99,12.94,-5.14,0.0821,324,7.15,0.000181,31.59432970404895,3.9868665549915745,4.0,31.5,4.0,4.0,0,0,0,0,258.0,57.3,15.8,258.0,57.3,4.0,26.7,1.07,322,117.0,0.207,16,1,120,6,Layer 3 Down
152.1985563224953,10.106347785226022,4.0,152,10.0,4.192,5.93,0.0994,325,14.1,0.00116,94.85765987220614,3.6632746953982873,4.0,95.6,3.891,13.07,-5.49,0.102,324,7.86,-1.64e-05,32.6702836323217,4.3659915433049585,-8.5,31.5,4.0,4.0,0,0,0,0,263.0,57.4,26.6,264.0,57.3,4.0,14.3,0.928,321,116.0,0.177,16,1,2,6,Layer 3 Down
152.5166630283527,9.942471692883823,4.0,153,10.0,4.0,4.44,0.0658,326,12.5,0.000821,96.39436263434267,3.722246572635412,16.5,95.6,4.0,4.0,-5.19,0.0789,324,6.19,-2.5e-05,31.580727488708025,3.710042188902474,4.0,31.5,4.0,4.0,0,0,0,0,269.0,57.3,-19.6,269.0,57.3,4.0,19.6,0.785,322,121.0,0.15,16,1,120,6,Layer 3 Down
152.7039085315969,9.914480271114654,66.5,153,10.0,4.0,2.86,0.0889,326,15.7,0.00116,96.01808541121625,4.651964364864441,10.25,95.6,4.0,4.0,-4.44,0.0745,325,6.65,-5.9e-05,31.36266769920709,3.9197789339975855,-8.5,31.5,4.0,4.0,0,0,0,0,274.0,57.3,-10.4,274.0,57.3,4.0,24.5,1.02,322,118.0,0.197,16,1,121,6,Layer 3 Down
154.56986986409225,9.610328119269864,-2.25,154,10.0,4.0,5.67,0.101,325,14.4,0.00124,94.75501486280656,3.965256595388126,22.8,95.6,4.0,4.0,-4.63,0.076,324,6.3,-7.25e-05,31.501956722698427,4.004499821894715,4.0,31.5,4.0,4.0,0,0,0,0,279.0,57.4,43.1,280.0,57.3,3.999999046,17.4,0.792,322,119.0,0.151,16,1,121,6,Layer 3 Down
153.79874065235015,10.11524451017837,-33.5,155,10.0,4.0,4.2,0.0888,326,15.2,0.00104,96.78753912140138,4.669646613184104,10.25,95.6,4.0,4.0,-4.35,0.0724,324,7.32,-2.29e-05,31.621436710910253,4.378203802341366,4.0,31.5,4.0,4.0,0,0,0,0,285.0,57.2,-65.1,285.0,57.3,4.0,27.7,0.926,322,119.0,0.174,16,1,121,6,Layer 3 Down
155.9326045001334,9.806211288355941,4.0,155,10.0,4.0,3.35,0.0746,326,15.0,0.000926,96.04021787195383,4.441081708508894,10.25,95.6,4.0,4.0,-3.64,0.0737,324,7.81,-3.52e-05,31.706071976559535,3.9563236795636705,4.0,31.5,4.0,4.0,0,0,0,0,290.0,57.4,47.4,290.0,57.3,4.0,19.3,0.993,321,116.0,0.192,16,1,121,6,Layer 3 Down
155.9992017265607,10.304799741616662,60.3,156,10.0,4.0,3.49,0.0775,325,14.3,0.00099,95.59318680896709,3.4489969757802257,10.25,95.6,4.0,4.0,-4.05,0.0728,324,7.63,-3.47e-05,32.4832237033405,4.791021633085664,4.0,31.5,4.0,4.0,0,0,0,0,295.0,57.4,23.9,296.0,57.3,4.0,16.5,0.812,322,119.0,0.155,16,1,121,6,Layer 3 Down
156.16966112111626,10.219418501663503,47.8,156,10.0,4.0,4.86,0.1,326,14.9,0.00125,96.66260706579307,3.8142103996525356,22.8,95.6,4.0,4.0,-4.5,0.0757,325,7.12,-3.51e-05,31.099781102103368,3.9315238271355937,4.0,31.5,4.0,4.0,0,0,0,0,301.0,57.3,-46.4,301.0,57.3,4.0,22.5,0.89,322,118.0,0.17,16,1,121,6,Layer 3 Down
157.6722951019935,9.854074088278574,-33.5,157,10.0,4.0,5.48,0.0973,326,14.9,0.00121,95.70644506910881,3.8132314783503025,22.8,95.6,4.0,4.0,-4.24,0.0734,324,7.15,-4.62e-05,31.906717311233514,3.8960277642224193,4.0,31.5,4.0,4.0,0,0,0,0,306.0,57.4,54.6,306.0,57.3,3.999999046,20.9,0.932,322,119.0,0.179,16,1,121,6,Layer 3 Down
157.05448097176068,10.326749828472286,-33.5,158,10.0,4.0,4.2,0.0687,326,13.5,0.000836,95.58123448551278,3.9997267473077307,22.8,95.6,4.0,4.0,-4.44,0.0723,324,7.32,-2.3e-05,31.598359993232506,3.9251837770841544,4.0,31.5,4.0,4.0,0,0,0,0,311.0,57.2,-46.0,312.0,57.3,4.0,23.3,1.01,321,118.0,0.193,16,1,121,6,Layer 3 Down
157.5832261619351,10.010595746705127,16.5,158,10.0,4.0,4.91,0.0834,326,12.7,0.00105,95.1587779704601,4.005909119946017,22.8,95.6,4.0,4.0,-3.23,0.0753,324,10.5,-1.15e-05,30.756160198326455,3.3990488997330988,-2.25,31.5,4.0,4.0,0,0,0,0,317.0,57.3,-35.5,317.0,57.3,4.0,21.7,0.931,322,117.0,0.179,16,1,121,6,Layer 3 Down
158.95437541196966,9.867170682294834,4.0,159,10.0,4.0,6.77,0.104,325,12.9,0.0013,95.98880082782114,4.973380162735696,16.5,95.6,4.0,4.0,-4.14,0.0723,324,7.49,-4.59e-05,31.864889092314154,3.5464946225522467,4.0,31.5,4.0,4.0,0,0,0,0,322.0,57.3,35.6,322.0,57.3,4.0,22.4,0.933,322,119.0,0.179,16,1,2,6,Layer 3 Down
158.9851930839271,9.662891719241397,-27.3,159,10.0,4.0,5.01,0.0912,325,14.3,0.00115,95.91847295407777,3.684032035037897,22.8,95.6,4.0,4.0,-4.44,0.0721,324,6.85,-5.71e-05,32.10015925967935,3.742865287869631,-14.8,31.5,4.0,4.0,0,0,0,0,327.0,57.3,-20.1,328.0,57.3,4.0,20.0,0.907,322,118.0,0.175,16,1,121,6,Layer 3 Down
159.4325414954225,10.24883977056999,-58.5,160,10.0,4.0,4.15,0.0865,326,15.7,0.00105,95.60980948050576,4.097474371347898,22.8,95.6,4.0,4.0,-4.35,0.0728,324,7.1,-4.59e-05,31.09416788089721,4.4718569550693825,-8.5,31.5,4.0,4.0,0,0,0,0,333.0,57.4,38.1,333.0,57.3,3.999999046,17.5,0.734,323,120.0,0.139,16,1,121,6,Layer 3 Down
159.89362522614312,9.994801518094857,54.0,161,10.0,4.0,3.22,0.078,326,13.5,0.000967,95.07211976205275,4.220139204353696,22.8,95.6,4.0,4.0,-3.84,0.0736,324,7.57,-3.43e-05,31.49577023991514,3.985509349833764,4.0,31.5,4.0,4.0,0,0,0,0,338.0,57.3,16.4,338.0,57.3,4.0,25.4,1.07,321,117.0,0.206,16,1,121,6,Layer 3 Down
160.69139711161478,10.102760575628592,16.5,161,10.0,4.0,5.41,0.107,326,13.7,0.00134,95.68682099633475,4.024502423602774,22.8,95.6,4.0,4.0,-4.68,0.0715,324,7.1,-1.14e-05,30.683127098146965,3.7879974394155043,-2.25,31.5,4.0,4.0,0,0,0,0,343.0,57.4,24.2,344.0,57.3,4.0,15.0,0.92,321,116.0,0.176,16,1,121,6,Layer 3 Down
162.3843472277277,9.799047825644436,-39.8,162,10.0,4.0,6.48,0.106,326,14.9,0.00129,95.55335944797507,4.059874744958467,22.8,95.6,4.0,4.0,-4.63,0.0728,324,6.64,-4.57e-05,30.90401521691138,4.536534868850152,4.0,31.5,4.0,4.0,0,0,0,0,349.0,57.3,-16.3,349.0,57.3,4.0,24.4,0.791,322,117.0,0.151,16,1,121,6,Layer 3 Down
162.01439159003766,9.660699512944982,-46.0,162,10.0,4.0,4.96,0.0819,326,14.2,0.00101,94.7089532911249,3.7192934049448696,29.0,95.6,4.0,4.0,-4.4,0.0748,324,7.35,-3.44e-05,31.99619198859474,4.653546304978993,-8.5,31.5,4.0,4.0,0,0,0,0,354.0,57.3,-8.0,354.0,57.3,4.0,24.0,1.01,322,118.0,0.195,16,1,121,6,Layer 3 Down
162.8824137501385,9.921049648638473,22.8,163,10.0,4.0,3.71,0.0759,325,14.0,0.000969,94.61651382909719,4.083705385768948,29.0,95.6,4.0,4.0,-4.98,0.073,324,6.68,-1.15e-05,31.279174043775164,4.524154001900543,-8.5,31.5,4.0,4.0,0,0,0,0,359.0,57.4,41.0,360.0,57.3,3.999999046,17.9,0.8,322,119.0,0.153,16,1,121,6,Layer 3 Down
162.95584963684001,10.406278436704673,54.0,163,5.53,-918.0,5.59,0.103,326,14.4,0.00135,95.97764361197154,4.211869813380255,35.3,95.6,4.0,4.0,-4.84,0.0729,324,6.7,-2.32e-05,30.9750347081376,3.626824652604867,4.0,31.5,4.0,4.0,0,0,0,0,365.0,57.2,-60.7,365.0,57.3,4.0,27.4,0.903,322,120.0,0.171,16,1,121,6,Layer 3 Down
164.09277395959802,9.959245611314083,10.25,164,9.88,1.34,4.3,0.0928,325,14.7,0.00108,93.86138082495049,2.97369329200081,-2.25,95.6,2.81,-9.5,-7.48,0.129,324,8.76,0.00031,31.60863853175133,3.7833586415422675,4.0,31.5,4.0,4.0,0,0,0,0,370.0,57.4,40.7,370.0,57.3,4.0,20.6,1.02,321,115.0,0.197,16,1,121,6,Layer 3 Down
165.25647085863724,9.253518509146652,-33.5,165,9.46,-1.65,3.59,0.0648,326,13.4,0.000724,95.53725826695401,1.9304820005435288,10.25,95.4,1.51,-8.5,-2.88,0.057,324,9.07,0.00025,31.25266264544965,4.7933999816155435,4.0,31.5,4.0,4.0,0,0,0,0,375.0,57.4,18.4,376.0,57.3,4.0,17.2,0.81,322,118.0,0.155,16,1,2,6,Layer 3 Down
164.58432044235374,8.989703369381246,-8.5,165,8.75,-4.35,3.92,0.0781,326,12.7,0.000764,94.78053802822025,0.7771236333391143,22.8,95.1,0.33,-6.9,-2.07,0.065,324,10.9,0.000444,31.277088414645455,4.105484050480618,-2.25,31.5,4.0,4.0,0,0,0,0,381.0,57.3,-45.3,381.0,57.3,4.0,22.5,0.885,322,118.0,0.17,16,1,122,6,Layer 3 Down
165.56690868235742,7.737072693585904,-64.7,166,7.79,-6.6,6.35,0.0921,326,10.0,0.000675,95.57418918915806,-0.2734280465589655,-27.3,94.6,-0.65,-4.74,-7.35,0.134,324,14.0,0.0013,31.850035589390068,3.8579293237072108,-2.25,31.5,4.0,4.0,0,0,0,0,386.0,57.4,54.2,386.0,57.3,3.999999046,21.0,0.924,322,118.0,0.177,16,1,122,6,Layer 3 Down
166.45932474809348,7.684775286531605,4.0,166,6.64,-8.3,4.37,0.0873,326,11.8,0.0005,93.87025744888854,-1.4274335775623763,-58.5,94.1,-1.39,-2.1,-3.32,0.0954,324,13.7,0.00106,30.94997469737729,4.314233845067962,4.0,31.5,4.0,4.0,0,0,0,0,391.0,57.2,-41.4,392.0,57.3,4.0,23.3,0.995,322,118.0,0.191,16,1,122,6,Layer 3 Down
165.82855065315402,5.463767440879517,-39.8,166,5.34,-9.4,5.34,0.0941,326,9.47,0.000257,94.04067683224828,-2.2708890849708063,47.8,93.6,-1.85,0.86,-8.0,0.0838,324,9.77,0.00101,31.071352779654887,4.4406325013895795,4.0,31.5,4.0,4.0,0,0,0,0,397.0,57.3,-37.9,397.0,57.3,4.0,31.4,0.964,322,109.0,0.186,16,1,122,6,Layer 3 Down
165.41087817332277,3.9631750146750018,-33.5,166,4.00212,-4.24,4.43,0.0637,326,5.67,-1.94e-05,92.73477646552831,-2.469915785074286,-14.8,93.0,2.33,915.0,-5.46,0.103,324,14.3,0.00135,31.57294952293315,3.750025328111811,4.0,31.5,4.0,4.0,0,0,0,0,402.0,57.3,34.4,402.0,57.3,4.0,22.0,0.931,322,119.0,0.178,16,1,122,6,Layer 3 Down
166.18453697516506,4.342194521827798,-21.0,166,4.0,4.0,2.21,0.0453,326,6.09,-2.7e-05,92.57600815132358,-1.7695184265892465,22.8,92.5,-2.0,4.0,-6.3,0.107,324,15.2,0.0013,31.95896927158122,4.095991727784605,4.0,31.5,4.0,4.0,0,0,0,0,407.0,57.3,-16.2,408.0,57.3,4.0,18.8,0.892,321,117.0,0.172,16,1,122,6,Layer 3 Down
166.1926688005554,3.4341161245066645,-8.5,166,4.0,4.0,4.44,0.0525,326,3.15,-1.38e-05,92.39236476220891,-1.6001266077327265,72.7,91.9,-2.0,4.0,-6.18,0.106,324,14.8,0.00128,32.08620981250558,4.380314066315586,-8.5,31.5,4.0,4.0,0,0,0,0,413.0,57.4,39.1,413.0,57.3,3.999999046,18.0,0.733,323,121.0,0.139,16,1,123,6,Layer 3 Down
165.36352980110513,4.027710618958433,4.0,166,4.0,4.0,1.66,0.0424,326,6.06,-3.04e-05,90.9909136209735,-2.151403572194672,60.3,91.3,-2.0,4.0,-3.72,0.0701,324,13.7,0.000849,31.18512501496881,3.4674444546589616,-8.5,31.5,4.0,4.0,0,0,0,0,418.0,57.3,16.5,418.0,57.3,4.0,25.2,1.06,321,119.0,0.205,16,1,123,6,Layer 3 Down
166.09541831662776,4.560949495595024,-14.8,166,4.0,4.0,5.0,0.0442,326,2.91,-2.21e-05,91.46591229959989,-2.5961815714515684,-52.3,90.8,-2.0,4.0,-3.58,0.139,324,17.7,0.00185,31.943803258240326,3.980400391961789,-2.25,31.5,4.0,4.0,0,0,0,0,423.0,57.4,22.7,424.0,57.3,4.0,14.4,0.928,321,115.0,0.177,16,1,123,6,Layer 3 Down
166.30585487073583,3.9658614423928054,-2.25,166,4.0,4.0,2.21,0.044,326,5.5,-1.95e-05,89.53599679380973,-2.476092838479082,10.25,90.2,-2.0,4.0,-8.01,0.147,324,15.8,0.00193,31.128746046630738,3.5125218356110812,4.0,31.5,4.0,4.0,0,0,0,0,429.0,57.3,-21.8,429.0,57.3,4.0,19.9,0.793,322,122.0,0.152,16,1,2,6,Layer 3 Down
166.15566959187962,3.415767969102709,-27.3,166,4.0,4.0,3.62,0.0453,326,4.29,-2.58e-05,89.79685117225877,-2.52263660608519,-27.3,89.6,-2.0,4.0,-8.56,0.156,324,16.7,0.00194,32.36462297132125,3.56974294057915,-2.25,31.5,4.0,4.0,0,0,0,0,434.0,57.3,-4.69,434.0,57.3,4.0,23.0,1.0,322,119.0,0.194,16,1,125,6,Layer 3 Down
166.2627774034136,3.883682001053392,-14.8,166,4.0,4.0,1.93,0.0447,326,5.95,-6.19e-06,89.61652112599208,-2.0243674251573647,-46.0,89.0,-2.0,4.0,-7.4,0.141,324,16.1,0.00178,30.963213527815558,3.753677727188244,4.0,31.5,4.0,4.0,0,0,0,0,439.0,57.4,45.8,440.0,57.3,3.999999046,17.8,0.783,322,119.0,0.149,16,1,125,6,Layer 3 Down
165.4161060145402,4.402327484894411,10.25,166,4.0,4.0,1.92,0.0622,326,3.6,3.77e-05,88.841046540253,-2.315183687529601,-21.0,88.4,-2.0,4.0,-7.8,0.15,324,15.8,0.00191,32.1289713162785,4.208710979936735,4.0,31.5,4.0,4.0,0,0,0,0,445.0,57.4,45.2,445.0,57.3,3.999999046,19.0,0.977,316,119.0,0.188,16,1,125,6,Layer 3 Down
166.13764623583242,4.060486683709369,-21.0,166,4.0,4.0,3.05,0.0452,326,4.17,-4.01e-05,89.0805960161097,-2.066689917243184,4.0,87.8,-2.0,4.0,-6.45,0.102,324,13.8,0.00117,31.189185158716803,3.8591345500467704,4.0,31.5,4.0,4.0,0,0,0,0,450.0,57.4,42.9,450.0,57.3,4.0,17.9,1.0,321,118.0,0.194,16,1,125,6,Layer 3 Down
165.87417094225293,3.6785497935591502,-21.0,166,4.0,4.0,1.66,0.0497,326,6.54,-2.55e-05,86.68985887350179,-1.9046792096277398,123.0,87.2,-2.0,4.0,-4.32,0.0619,324,13.9,0.000712,32.45317611570374,3.6913562345982065,-2.25,31.5,4.0,4.0,0,0,0,0,455.0,57.4,23.1,456.0,57.3,4.0,17.0,0.812,322,118.0,0.155,16,1,125,6,Layer 3 Down
165.79925623208416,3.7736803345933576,-8.5,166,4.0,4.0,-1.1,0.0479,326,9.7,-2.46e-05,85.678432644561,-2.6728492569995406,-14.8,86.6,-2.0,4.0,-3.19,0.0586,325,11.8,0.000719,31.77996214478382,4.022552007573584,4.0,31.5,4.0,4.0,0,0,0,0,461.0,57.3,-39.8,461.0,57.3,4.0,21.6,0.875,322,120.0,0.169,16,1,125,6,Layer 3 Down
166.36197633704222,3.810563875847515,-2.25,166,4.0,4.0,2.22,0.0429,326,5.61,-1.22e-05,85.33557098663545,-2.159799498350857,-109.0,86.0,-2.0,4.0,-3.78,0.081,324,12.9,0.00101,31.018964661934085,3.473273082608763,-2.25,31.5,4.0,4.0,0,0,0,0,466.0,57.4,54.8,466.0,57.3,3.999999046,21.0,0.931,321,119.0,0.179,16,1,125,6,Layer 3 Down
166.61508117696317,4.056117476026771,-2.25,166,4.0,4.0,3.32,0.0654,326,2.09,3.85e-05,85.84131721702944,-1.9457019859992875,-58.5,85.4,-2.0,4.0,-3.99,0.0871,324,13.7,0.00109,31.252745003367142,4.187575508208908,4.0,31.5,4.0,4.0,0,0,0,0,471.0,57.5,64.1,472.0,57.3,3.999999046,16.9,0.719,317,116.0,0.137,16,1,125,6,Layer 3 Down
166.74609765606522,4.318152901291656,-39.8,166,4.0,4.0,3.34,0.042,326,4.5,-1.74e-05,85.13271926247167,-2.073906577491187,60.3,84.8,-2.0,4.0,-6.0,0.0958,325,14.2,0.00118,31.869852019400128,4.469913372915407,-2.25,31.5,4.0,4.0,0,0,0,0,477.0,57.3,-35.8,477.0,57.3,4.0,20.7,0.944,322,119.0,0.182,16,1,125,6,Layer 3 Down
166.54669607787517,4.309194706727693,4.0,166,4.0,4.0,1.94,0.0429,326,5.47,-2.26e-05,84.26832936994684,-2.288329424293171,22.8,84.2,-2.0,4.0,-1.62,0.0825,324,18.9,0.00104,31.998376895094246,3.965353015969484,4.0,31.5,4.0,4.0,0,0,0,0,482.0,57.3,35.2,482.0,57.3,4.0,22.3,0.923,322,119.0,0.177,16,1,2,6,Layer 3 Down
165.9543726136676,4.158973270440442,10.25,166,4.0,4.0,3.32,0.0561,326,1.51,2.47e-05,82.84962395693918,-1.9598908342640866,35.3,83.6,-2.0,4.0,-3.01,0.0802,324,14.8,0.000988,31.466519542165795,3.911353305373204,4.0,31.5,4.0,4.0,0,0,0,0,487.0,57.4,25.2,488.0,57.3,4.0,18.0,0.772,317,117.0,0.149,16,1,125,6,Layer 3 Down
166.1466607661035,3.6087718473997175,-2.25,166,4.0,4.0,0.837,0.0665,326,4.56,3.79e-05,83.5124317493519,-2.1259962456093424,66.5,82.9,-2.0,4.0,-6.0,0.104,324,12.9,0.00128,31.521143564754027,4.163357598839793,4.0,31.5,4.0,4.0,0,0,0,0,493.0,57.4,0.5,494.0,57.3,4.0,17.9,0.993,316,115.0,0.191,16,1,125,6,Layer 3 Down
166.31884434639812,3.6098624799867225,-2.25,166,4.0,4.0,2.5,0.0426,326,4.36,-1.76e-05,81.58163466207209,-2.2177536974934733,-8.5,82.4,-2.0,4.0,-8.45,0.149,324,16.1,0.00196,31.859043969140664,3.0876671482420375,-2.25,31.5,4.0,4.0,0,0,0,0,498.0,57.3,15.8,498.0,57.3,4.0,25.3,1.07,321,118.0,0.206,16,1,125,6,Layer 3 Down
166.05038569592003,4.106665808620628,-27.3,166,4.0,4.0,2.22,0.0405,326,5.63,-2.3e-05,82.57442677119523,-1.5712800830220321,-2.25,81.8,-2.0,4.0,-7.87,0.134,324,17.0,0.00171,31.562400265210876,4.2348252136385796,4.0,31.5,4.0,4.0,0,0,0,0,503.0,57.4,22.8,504.0,57.3,4.0,15.0,0.945,321,115.0,0.181,16,1,125,6,Layer 3 Down
166.05437164638806,3.5797097635869215,-21.0,166,4.0,4.0,1.93,0.04,326,5.82,-2.11e-05,83.10938143088417,-1.600133779437948,-21.0,81.2,-2.0,4.0,-7.36,0.131,324,16.0,0.00163,30.887587180629676,5.33188768611061,-8.5,31.5,4.0,4.0,0,0,0,0,509.0,57.3,-18.6,509.0,57.3,4.0,20.8,0.798,322,121.0,0.153,16,1,125,6,Layer 3 Down
166.34251590372537,3.858729946914363,-33.5,166,4.0,4.0,4.16,0.0407,326,3.62,-1.14e-05,80.94486792398524,-1.839595272288917,4.0,80.7,-2.0,4.0,-7.03,0.156,324,14.8,0.00214,31.115095597894086,3.9213365628714687,-2.25,31.5,4.0,4.0,0,0,0,0,514.0,57.3,-7.4,514.0,57.3,4.0,22.6,1.01,321,119.0,0.195,16,1,125,6,Layer 3 Down
165.97535032245332,4.114357327677116,29.0,166,4.0,4.0,3.34,0.0599,326,1.54,3.62e-05,80.48964123860242,-1.9570117007613173,-52.3,80.0,-2.0,4.0,-4.72,0.091,324,11.6,0.00118,31.611318072163527,3.947889992867547,4.0,31.5,4.0,4.0,0,0,0,0,519.0,57.4,-7.0,520.0,57.3,4.000000954,18.1,0.798,318,116.0,0.153,16,1,125,6,Layer 3 Down
165.69676306599501,3.690782639210996,10.25,166,4.0,4.0,2.22,0.0413,326,5.21,-1.64e-05,79.17066401741565,-2.50585523372211,41.5,79.5,-2.0,4.0,-6.35,0.125,324,16.5,0.00153,32.07547291624645,4.325283148890514,-2.25,31.5,4.0,4.0,0,0,0,0,525.0,57.2,-64.2,525.0,57.3,4.0,25.7,0.939,322,121.0,0.177,16,1,125,6,Layer 3 Down
165.82766242552395,3.674078708624984,-8.5,166,3.9601,-5.21,3.33,0.0364,326,3.54,-2.64e-05,77.79038943648546,5.128520800678761,373.0,79.0,-1.5,-871.0,-3.16,0.0485,325,4.52,-4.35e-05,32.26509055632011,4.719733664707459,-2.25,31.5,4.0,4.0,0,0,0,0,530.0,57.5,75.1,531.0,57.3,3.999999046,14.7,0.719,322,117.0,0.134,16,1,125,6,Layer 3 Down
166.26357943600877,2.6423478728590872,-33.5,166,2.65,-9.4,-2.75,0.0632,326,4.65,0.000189,77.99725425734997,-1.7259031165105394,-83.5,78.4,-1.85,7.03,-6.64,0.132,324,15.6,0.00162,31.869069978292114,4.426489544157086,4.0,31.5,4.0,4.0,0,0,0,0,535.0,57.4,-6.9,536.0,57.3,4.0,18.6,0.906,317,115.0,0.175,16,1,2,6,Layer 3 Down
166.00124460812444,1.4479690210594385,-58.5,166,1.36,-8.4,-5.67,0.103,326,8.46,0.000638,77.16971168919798,-0.8100639124808595,123.0,77.8,-1.39,10.0,-4.54,0.0724,324,13.1,0.000732,31.6360184646197,3.057052188667249,10.25,31.5,4.0,4.0,0,0,0,0,541.0,57.3,8.19,541.0,57.3,4.0,22.2,0.985,317,120.0,0.189,16,1,126,6,Layer 3 Down
166.1414590405478,0.7818669783085169,-14.8,166,0.25,-6.8,-7.59,0.1,326,10.4,0.000795,76.43309074091079,-0.8074541886035211,47.8,77.3,-0.68,12.55,-2.98,0.0725,324,13.0,0.000691,31.854527638444853,4.221452962346544,-2.25,31.5,4.0,4.0,0,0,0,0,546.0,57.4,51.5,546.0,57.3,3.999999046,21.5,0.945,321,118.0,0.182,16,1,126,6,Layer 3 Down
165.2786184213804,-0.3716518391851841,-2.25,165,-0.72,-4.54,-6.47,0.11,326,12.9,0.00106,78.05090567268692,0.3854858580088771,79.0,76.9,0.29,14.8,-3.51,0.0724,325,12.0,0.000535,31.18432529259952,5.125064094687784,4.0,31.5,4.0,4.0,0,0,0,0,551.0,57.2,-37.3,552.0,57.3,4.0,23.3,1.0,321,118.0,0.192,16,1,126,6,Layer 3 Down
164.84414121482524,-1.2583601945128522,47.8,165,-1.44,-1.87,-5.34,0.0938,326,14.1,0.00103,76.7823306570261,1.492858157406872,16.5,76.6,1.46,16.4,-4.4,0.0746,324,10.6,0.000412,31.42745245314768,4.24728036269358,-8.5,31.5,4.0,4.0,0,0,0,0,557.0,57.3,-34.2,557.0,57.3,4.0,21.1,0.928,321,119.0,0.179,16,1,126,6,Layer 3 Down
164.31444739107258,-2.1492269317393218,-33.5,164,-1.87,1.1,-4.61,0.0924,326,13.6,0.00114,76.65371269949014,2.786209832664428,4.0,76.4,2.76,17.4,-6.68,0.098,324,7.65,0.000264,31.109813434451755,3.469931400573556,-2.25,31.5,4.0,4.0,0,0,0,0,562.0,57.3,30.3,562.0,57.3,4.0,21.6,0.921,322,120.0,0.177,16,1,126,6,Layer 3 Down
163.15752245627,2.085374825060038,948.0,163,4.0,4.0,14.7,0.219,326,13.2,0.000706,76.19350681328585,3.9013244527002193,22.8,76.4,4.0,4.0,-2.33,0.0517,325,5.88,-7.89e-06,30.908779969112345,4.098283438253309,-2.25,31.5,4.0,4.0,0,0,0,0,567.0,57.3,-13.1,568.0,57.3,4.0,19.1,0.906,321,118.0,0.175,16,1,126,6,Layer 3 Down
162.4865656905824,-2.0000922058704274,16.5,163,-2.0,4.0,-6.62,0.0947,326,14.0,0.00114,76.28448505763717,4.3247032031850585,22.8,76.4,4.0,4.0,-2.01,0.0319,325,2.59,-4.24e-06,31.657919538639227,3.389776680687091,-14.8,31.5,4.0,4.0,0,0,0,0,573.0,57.4,33.7,573.0,57.3,3.999999046,18.7,0.75,322,120.0,0.143,16,1,127,6,Layer 3 Down
162.5997091967049,-1.6995637196889204,91.5,162,-2.0,4.0,-5.26,0.0856,326,14.8,0.00104,77.0445266315803,3.547849149273712,29.0,76.4,4.0,4.0,-2.01,0.0324,325,2.62,-4.38e-06,31.587831697187738,4.539277153059964,4.0,31.5,4.0,4.0,0,0,0,0,578.0,57.3,13.69,578.0,57.3,4.0,25.8,1.06,321,119.0,0.205,16,1,128,6,Layer 3 Down
161.79179072976268,-2.0011022497774933,16.5,162,-2.0,4.0,-4.22,0.0704,326,12.9,0.000884,76.37839187243199,3.9035784987149262,41.5,76.4,4.0,4.0,-2.53,0.0342,325,2.2,-4.47e-06,31.8255706337281,3.581859102776526,4.0,31.5,4.0,4.0,0,0,0,0,583.0,57.4,25.0,584.0,57.3,4.0,14.5,0.926,321,115.0,0.177,16,1,128,6,Layer 3 Down
160.31181265929567,-2.61693688824446,-27.3,161,-2.0,4.0,-4.48,0.0843,326,13.5,0.00106,76.7546173182741,4.672234664327856,16.5,76.4,4.0,4.0,-2.89,0.0329,325,2.06,-4.01e-06,31.75855788915969,4.032477105883163,4.0,31.5,4.0,4.0,0,0,0,0,589.0,57.3,-26.0,589.0,57.3,4.0,21.5,0.818,322,120.0,0.156,16,1,2,6,Layer 3 Down
160.5654716482762,-2.1308265548961467,41.5,161,-2.0,4.0,-3.37,0.0936,326,18.3,0.00113,76.26902711055887,3.8518308042103944,29.0,76.4,4.0,4.0,-2.4,0.0339,325,1.66,-9.1e-06,31.614880482460276,3.62477305879878,4.0,31.5,4.0,4.0,0,0,0,0,594.0,57.3,-11.0,594.0,57.3,4.0,24.1,1.02,321,118.0,0.198,16,1,128,6,Layer 3 Down
159.575450226019,-1.5461238925405123,22.8,160,-2.0,4.0,-5.5,0.101,326,14.3,0.00123,76.1713685198615,3.8744509864152805,-14.8,76.4,4.0,4.0,-2.26,0.0357,324,1.55,9.38e-06,31.763531427095263,3.7859619801313236,16.5,31.5,4.0,4.0,0,0,0,0,599.0,57.4,-10.4,600.0,57.3,4.000000954,18.5,0.801,319,116.0,0.154,16,1,128,6,Layer 3 Down
159.02169362482377,-2.006727158969019,10.25,159,-2.0,4.0,-4.49,0.0821,326,13.5,0.00104,75.45987972972792,3.6956423711366924,-14.8,76.4,4.0,4.0,-2.09,0.0375,325,0.824,0.0,31.47979159095429,4.650101144484074,4.0,31.5,4.0,4.0,0,0,0,0,605.0,57.4,57.5,605.0,57.3,3.999999046,18.5,0.969,317,119.0,0.186,16,1,128,6,Layer 3 Down
158.8861331753857,-2.5463075588323454,-46.0,159,-2.0,4.0,-4.33,0.096,326,15.2,0.00126,75.07843964578497,4.131303056519998,22.8,76.4,4.0,4.0,-1.77,0.0361,325,3.25,3.84e-06,31.695484370712943,4.04525626085741,4.0,31.5,4.0,4.0,0,0,0,0,610.0,57.4,35.5,610.0,57.3,4.0,19.6,1.0,321,116.0,0.194,16,1,128,6,Layer 3 Down
157.85994553302973,-1.4878757966250147,-64.7,158,-2.0,4.0,-4.28,0.0898,326,13.7,0.00118,76.22522057767596,3.7169548410198394,-21.0,76.4,4.0,4.0,-0.819,0.038,324,2.99,9.83e-06,31.15620528001217,3.7553826934167067,10.25,31.5,4.0,4.0,0,0,0,0,615.0,57.3,-13.1,616.0,57.3,4.0,20.2,0.924,318,114.0,0.178,16,1,128,6,Layer 3 Down
158.2576715893804,-1.9585028836565004,-27.3,157,-2.0,4.0,-5.61,0.109,326,14.5,0.00133,76.43775190174694,3.9412497724803757,-2.25,76.4,4.0,4.0,-0.941,0.0363,325,2.86,9.9e-06,31.675038111858647,3.474031934183529,4.0,31.5,4.0,4.0,0,0,0,0,621.0,57.3,9.56,621.0,57.3,4.0,21.1,0.981,318,121.0,0.189,16,1,128,6,Layer 3 Down
157.1413199076133,-1.8370853027820677,60.3,157,-2.0,4.0,-4.94,0.0885,326,14.2,0.00107,75.54058942096268,4.318686228953585,29.0,76.4,4.0,4.0,-1.13,0.0338,325,4.21,-4.39e-06,31.816463874262034,3.181243649942177,4.0,31.5,4.0,4.0,0,0,0,0,626.0,57.4,49.2,626.0,57.3,3.999999046,21.1,0.938,321,118.0,0.18,16,1,128,6,Layer 3 Down
156.13141245580172,-1.8826223502588864,-21.0,156,-2.0,4.0,-4.29,0.0995,326,14.6,0.00119,76.37696339959724,3.8288249389485762,29.0,76.4,4.0,4.0,-0.624,0.0319,325,4.6,-4.12e-06,31.182937803839856,3.4526402998312093,4.0,31.5,4.0,4.0,0,0,0,0,631.0,57.3,-38.8,632.0,57.3,4.0,22.2,1.0,321,118.0,0.192,16,1,128,6,Layer 3 Down
156.1704063499153,-2.2379970420368576,-52.3,156,-2.0,4.0,-5.76,0.0982,326,11.5,0.00128,76.43591823529962,4.19961397198662,-21.0,76.4,4.0,4.0,-0.624,0.038,325,2.81,0.0,31.52454002522598,4.073975405825307,16.5,31.5,4.0,4.0,0,0,0,0,637.0,57.3,-2.06,637.0,57.3,4.0,24.5,1.01,318,120.0,0.193,16,1,128,6,Layer 3 Down
155.25618830989652,-2.0937561878043827,-2.25,155,-2.0,4.0,-7.1,0.123,326,14.3,0.0015,74.95932445708354,4.210254922010345,-21.0,76.4,4.0,4.0,-0.819,0.036,325,2.14,-1.02e-05,31.204753972641534,4.4287930679729755,4.0,31.5,4.0,4.0,0,0,0,0,642.0,57.4,24.7,643.0,57.3,4.0,16.1,0.968,317,115.0,0.186,16,1,128,6,Layer 3 Down
154.12351465999845,-1.2766663529770894,79.0,155,-2.0,4.0,-4.29,0.0934,326,16.6,0.00116,75.78850054734187,4.3839184227071675,29.0,76.4,4.0,4.0,-0.941,0.0303,325,4.6,0.0,31.250724206327515,3.754880067137402,4.0,31.5,4.0,4.0,0,0,0,0,647.0,57.3,-10.3,648.0,57.3,4.0,18.7,0.907,321,118.0,0.175,16,1,2,6,Layer 3 Down
153.84846686161646,-1.8852649544227023,-33.5,154,-2.0,4.0,-5.28,0.0945,326,13.0,0.00124,76.67213958833577,3.994484531236549,-21.0,76.4,4.0,4.0,-0.38,0.0344,324,3.11,0.0,30.967399636749,4.712017964924003,16.5,31.5,4.0,4.0,0,0,0,0,653.0,57.3,-30.4,653.0,57.3,4.000000954,20.1,1.04,319,120.0,0.202,16,1,128,6,Layer 3 Down
152.09347037157968,-1.978520453510955,-89.7,153,-2.0,4.0,-5.04,0.103,325,13.2,0.0013,76.65863820706862,5.0009347512062705,-14.8,76.4,4.0,4.0,-0.697,0.0362,325,2.34,0.0,32.09928401892979,3.6861369020983075,4.0,31.5,4.0,4.0,0,0,0,0,658.0,57.4,39.5,659.0,57.3,3.999999046,19.5,0.883,318,118.0,0.169,16,1,128,6,Layer 3 Down
153.01499368917393,-1.6506901640722162,66.5,153,-2.0,4.0,-6.55,0.098,326,14.4,0.00118,75.62909783643562,4.408784723746808,35.3,76.4,4.0,4.0,-2.38,0.0366,325,2.94,-5.23e-06,32.0045510712231,3.895884247080992,4.0,31.5,4.0,4.0,0,0,0,0,663.0,57.4,23.3,664.0,57.3,4.0,15.5,0.933,320,115.0,0.178,16,1,128,6,Layer 3 Down
151.99807361379646,-2.194767809611622,35.3,152,-2.0,4.0,-5.95,0.0977,325,13.3,0.00122,76.5058772650826,4.05283141114384,-27.3,76.4,4.0,4.0,-1.57,0.0349,324,1.19,0.0,31.754449281358536,3.5277503909819035,4.0,31.5,4.0,4.0,0,0,0,0,669.0,57.3,2.19,669.0,57.3,4.0,19.7,1.11,318,118.0,0.213,16,1,128,6,Layer 3 Down
152.43473149675074,-1.754670338668958,-21.0,152,-2.0,4.0,-4.0,0.0755,326,13.5,0.000935,77.08318720539916,3.7727493160853305,29.0,76.4,4.0,4.0,-3.09,0.0349,324,1.92,-4.8e-06,32.43374066170763,4.408398417144079,-2.25,31.5,4.0,4.0,0,0,0,0,674.0,57.3,-10.3,674.0,57.3,4.0,22.5,1.01,320,119.0,0.195,16,1,128,6,Layer 3 Down
151.49381744551516,-2.3977066272364285,-58.5,151,-2.0,4.0,-3.8,0.0912,325,14.0,0.00116,76.91925132185668,3.9442785032633485,-14.8,76.4,4.0,4.0,-2.21,0.0357,324,0.498,-4.89e-06,31.410401194280453,4.94253420459494,16.5,31.5,4.0,4.0,0,0,0,0,679.0,57.4,45.9,680.0,57.3,3.999999046,18.0,0.786,319,116.0,0.151,16,1,128,6,Layer 3 Down
150.08431370542644,-1.7667722698869466,35.3,150,-2.0,4.0,-6.19,0.0924,326,14.1,0.00111,76.33632866735528,4.501466043729404,29.0,76.4,4.0,4.0,-2.89,0.0328,325,2.17,-8.86e-06,32.935394815021084,3.204311492837995,-2.25,31.5,4.0,4.0,0,0,0,0,685.0,57.2,-62.9,685.0,57.3,4.0,25.9,0.933,322,121.0,0.176,16,1,128,6,Layer 3 Down
149.79195025793314,-2.4516415784032137,47.8,150,-2.0,4.0,-4.73,0.0804,326,14.3,0.000978,76.08729150013558,4.591107924083911,29.0,76.4,4.0,4.0,-2.28,0.0337,325,2.0,-9.41e-06,31.39227568049219,3.823575003063642,-2.25,31.5,4.0,4.0,0,0,0,0,690.0,57.4,37.8,690.0,57.3,4.0,19.5,1.0,320,116.0,0.194,16,1,128,6,Layer 3 Down
149.2017296086481,-2.62959041765936,29.0,149,-2.0,4.0,-4.21,0.0783,326,13.2,0.000972,75.97946296855027,4.417925939223524,-21.0,76.4,4.0,4.0,-1.75,0.035,324,2.2,4.82e-06,31.620821873149673,4.553264790738316,4.0,31.5,4.0,4.0,0,0,0,0,695.0,57.4,-6.6,696.0,57.3,4.0,18.0,0.906,319,115.0,0.174,16,1,128,6,Layer 3 Down
148.78049226200952,-1.8764882144713093,-8.5,149,-2.0,4.0,-4.81,0.0989,326,15.2,0.00127,76.7126039039912,4.298531837388665,29.0,76.4,4.0,4.0,-3.53,0.0335,325,1.91,-1.34e-05,31.311671141394882,3.367048729477733,4.0,31.5,4.0,4.0,0,0,0,0,701.0,57.3,-37.3,701.0,57.3,4.0,21.9,0.898,321,119.0,0.173,16,1,2,6,Layer 3 Down
147.99942093662622,-2.4877078490221685,-202.0,148,-2.0,4.409,4.03,0.14,326,0.499,2.76e-05,76.53037127953274,3.677554004246083,22.8,76.4,4.206,17.7,-1.75,0.0258,325,1.83,-2.87e-06,31.67627838373703,4.222889981751683,-2.25,31.5,4.0,4.0,0,0,0,0,706.0,57.4,51.3,706.0,57.3,3.999999046,20.8,0.932,320,119.0,0.179,16,1,128,6,Layer 3 Down
147.4100347042456,-2.1544038721689027,85.2,147,-1.79,7.52,-6.2,0.0882,326,13.8,0.00103,76.82057680475057,5.5741981762329065,29.0,76.5,5.56,17.3,4.76,0.083,324,9.14,0.000206,31.8956237892732,4.509320311014394,-2.25,31.5,4.0,4.0,0,0,0,0,711.0,57.3,-37.5,712.0,57.3,4.0,22.4,0.996,321,118.0,0.192,16,1,128,6,Layer 3 Down
146.76807911344923,-1.2411726134025327,-14.8,147,-1.29,10.44,-4.53,0.0984,326,15.0,0.00111,76.78811997765354,6.357066942312247,29.0,76.7,6.84,16.1,9.19,0.142,325,11.1,0.000814,31.44606602446177,4.009220381282791,-2.25,31.5,4.0,4.0,0,0,0,0,717.0,57.3,-32.4,717.0,57.3,4.0,20.6,0.929,321,119.0,0.179,16,1,128,6,Layer 3 Down
146.33500054391763,0.1728652778131145,22.8,146,-0.5,13.03,-6.26,0.107,326,12.5,0.000963,77.54710984160174,7.4491803732853805,41.5,77.0,7.96,14.4,6.88,0.142,324,13.9,0.00121,32.34119205501946,4.215706857802006,-8.5,31.5,4.0,4.0,0,0,0,0,722.0,57.3,31.6,722.0,57.3,4.0,21.6,0.927,321,120.0,0.178,16,1,128,6,Layer 3 Down
146.28166295581056,0.9582433312526841,16.5,146,0.51,15.1,-5.79,0.0921,326,10.6,0.000646,77.46320809031863,8.925699350077693,54.0,77.5,8.88,12.04,4.71,0.11,324,14.0,0.00115,31.613225773057927,4.745288435923308,-2.25,31.5,4.0,4.0,0,0,0,0,727.0,57.3,-9.4,728.0,57.3,4.0,19.1,0.898,321,117.0,0.173,16,1,128,6,Layer 3 Down
145.6029983141074,1.754401759460868,60.3,146,1.71,16.7,-6.09,0.0918,326,9.8,0.000425,78.42434028025697,9.88560493376747,54.0,78.0,9.55,9.3,8.15,0.138,324,13.1,0.00172,31.628061921615778,4.82731893300487,-8.5,31.5,4.0,4.0,0,0,0,0,733.0,57.4,36.0,733.0,57.3,3.999999046,17.5,0.751,321,121.0,0.143,16,1,128,6,Layer 3 Down
146.4049444118039,3.1025986908085605,97.7,146,3.033,17.6,-3.98,0.048,326,7.31,0.000107,79.08189629349985,10.005940104374442,10.25,78.6,9.92,6.28,8.75,0.139,324,15.6,0.00168,31.069632972864895,3.9478930870996054,-2.25,31.5,4.0,4.0,0,0,0,0,738.0,57.3,15.6,738.0,57.3,4.0,24.4,1.05,321,118.0,0.201,16,1,128,6,Layer 3 Down
145.2904633364514,4.385802046694714,66.5,145,4.0,4.0,-6.36,0.0562,326,3.84,-2.58e-05,78.56240374036999,9.807355315629952,373.0,79.1,10.0,4.0,7.72,0.109,325,14.7,0.00114,31.698139339252553,3.742116846403545,-8.5,31.5,4.0,4.0,0,0,0,0,744.0,57.3,18.7,744.0,57.3,3.999999046,19.7,0.866,321,120.0,0.167,16,1,128,6,Layer 3 Down
145.04238070372728,4.479673562611453,97.7,145,4.0,4.0,-3.68,0.0472,326,6.03,-3.53e-05,78.39177215526307,10.168259470494537,16.5,79.7,10.0,4.0,5.15,0.0881,324,13.6,0.00114,31.436544507292986,3.5975642679445183,4.0,31.5,4.0,4.0,0,0,0,0,749.0,57.3,-21.6,749.0,57.3,4.0,20.4,0.809,322,121.0,0.155,16,1,130,6,Layer 3 Down
144.68302650629965,4.0240715477132305,72.7,145,4.0,4.0,-3.93,0.0463,326,5.5,-2.71e-05,81.23138411456586,9.638334292070537,22.8,80.3,10.0,4.0,5.37,0.097,324,15.4,0.0012,31.212027515932935,4.427362807453394,4.0,31.5,4.0,4.0,0,0,0,0,754.0,57.3,-8.4,754.0,57.3,4.000000954,23.9,1.01,320,118.0,0.196,16,1,2,6,Layer 3 Down
144.6427428138957,4.1350411798882805,66.5,145,4.0,4.0,-2.33,0.0431,326,7.81,-1.32e-05,80.97150305340885,4.941772409632593,-752.0,80.9,9.5,879.0,6.88,0.0854,325,8.83,0.000171,31.132376424386784,3.424931048323281,10.25,31.5,4.0,4.0,0,0,0,0,760.0,57.2,-33.8,760.0,57.3,4.0,23.6,0.937,322,120.0,0.18,16,1,130,6,Layer 3 Down
144.7764403238045,4.013318580917709,-46.0,145,4.0,4.0,-1.6,0.0564,326,3.17,8.78e-06,80.25435587837588,9.672962081158012,66.5,81.4,10.0,4.0,7.07,0.133,324,13.7,0.00167,32.76495245245859,3.889514113779514,4.0,31.5,4.0,4.0,0,0,0,0,765.0,57.4,52.3,765.0,57.3,3.999999046,17.6,0.985,320,119.0,0.189,16,1,130,6,Layer 3 Down
145.22561035067332,4.262725087088823,66.5,145,4.0,4.0,-4.23,0.043,326,5.54,-6.31e-06,81.32301555058716,3.1908865396028223,-52.3,81.8,4.0,4.0,1.38,0.03,324,2.99,-1.17e-05,31.475256096289723,14.944920572359374,1114.0,31.7,22.0,1004.0,0,0,0,0,770.0,57.4,43.6,770.0,57.3,4.0,19.1,0.982,319,116.0,0.19,16,1,130,50,end
144.60265180772095,4.135903048527417,97.7,145,4.0,4.0,-3.73,0.0479,325,5.97,-2.07e-05,82.31577749808807,4.2344308419073755,-2.25,81.8,4.0,4.0,1.15,0.0199,323,0.732,0.0,35.11018693677076,53.67996678189546,10.25,36.3,54.0,4.0,0,0,0,0,775.0,57.4,24.7,776.0,57.3,4.0,16.2,0.805,320,118.0,0.154,16,1,132,50,end
145.1819172485398,3.7897197736273385,-89.7,145,4.0,4.0,-1.95,0.0538,325,2.17,3.23e-05,81.61311592099791,3.7616184114810167,10.25,81.8,4.0,4.0,1.46,0.0261,323,0.819,0.0,40.669425460899774,54.222404464880775,35.3,41.5,54.0,4.0,0,0,0,0,781.0,57.3,3.125,781.0,57.3,4.0,20.6,0.994,318,122.0,0.191,16,1,132,50,end
144.4836790286781,4.580385332079593,91.5,145,4.0,4.0,-2.84,0.0522,325,7.39,-1.52e-05,81.45783319857308,4.2511663021886195,-2.25,81.8,4.0,4.0,0.471,0.0247,323,2.29,4.88e-06,45.77558508904356,55.12181968087189,29.0,46.3,54.0,4.0,0,0,0,0,786.0,57.4,52.4,786.0,57.3,3.999999046,20.5,0.931,319,118.0,0.179,16,1,132,50,end
144.91514844324556,4.20534893700036,-83.5,145,4.0,4.0,-1.85,0.0522,325,2.69,2.39e-05,82.73608939716183,4.375818083207045,10.25,81.8,4.0,4.0,0.919,0.0226,324,0.22,-2.82e-06,51.25882075067945,54.14680796124396,60.3,51.5,54.0,4.0,0,0,0,0,791.0,57.5,58.7,792.0,57.3,3.999999046,15.8,0.72,319,117.0,0.138,16,1,132,50,end
145.04559145003046,3.9652599719381465,-83.5,145,4.0,4.0,-2.2,0.0527,325,2.22,4.66e-05,81.10018767371666,3.828971496796341,16.5,81.8,4.0,4.0,1.32,0.0238,323,1.4,2.88e-06,56.26266967579885,54.00953633637763,79.0,56.5,54.0,4.0,0,0,0,0,797.0,57.3,0.37,797.0,57.3,4.0,24.3,1.0,318,120.0,0.192,16,1,132,50,end
146.01668318935984,4.655062525499989,91.5,145,4.0,4.0,-4.02,0.0502,326,5.8,-1.44e-05,81.26666245265214,4.2118473489912365,16.5,81.8,4.0,4.0,1.08,0.0217,325,1.0,0.0,59.820344699356134,5.924146347411208,348.0,59.5,4.0,4.0,0,0,0,0,802.0,57.3,-29.1,803.0,57.3,4.0,22.4,0.929,321,120.0,0.178,16,1,132,50,end
144.42731323474158,4.061464869482516,97.7,145,4.0,4.0,-4.23,0.0547,329,5.97,-1.58e-05,81.94125148137181,3.765728341126233,-8.5,81.8,4.0,4.0,1.69,0.0221,327,0.696,0.0,59.19468942027031,4.079803373529126,-8.5,59.5,4.0,4.0,0,0,0,0,807.0,55.4,-61.1,807.0,4.0,4.0,0.0819,2.61e-08,328,0.0,0.000977,16,1,132,50,end
